0.000000000000000000e+00 1.661579999999999927e+04
2.000000000000000000e+01 9.053670000000000073e+03
4.000000000000000000e+01 1.259960000000000036e+03
6.000000000000000000e+01 1.061490000000000009e+03
8.000000000000000000e+01 8.962169999999999845e+02
1.000000000000000000e+02 7.316040000000000418e+02
1.200000000000000000e+02 6.667290000000000418e+02
1.400000000000000000e+02 6.304049999999999727e+02
1.600000000000000000e+02 6.174370000000000118e+02
1.800000000000000000e+02 6.033509999999999991e+02
2.000000000000000000e+02 6.058669999999999618e+02
2.200000000000000000e+02 5.994510000000000218e+02
2.400000000000000000e+02 5.902780000000000200e+02
2.600000000000000000e+02 5.839310000000000400e+02
2.800000000000000000e+02 5.822430000000000518e+02
3.000000000000000000e+02 5.778479999999999563e+02
3.200000000000000000e+02 5.830000000000000000e+02
3.400000000000000000e+02 5.818640000000000327e+02
3.600000000000000000e+02 5.755879999999999654e+02
3.800000000000000000e+02 5.784690000000000509e+02
4.000000000000000000e+02 5.779809999999999945e+02
4.200000000000000000e+02 5.720910000000000082e+02
4.400000000000000000e+02 5.740009999999999764e+02
4.600000000000000000e+02 5.780710000000000264e+02
4.800000000000000000e+02 5.710670000000000073e+02
5.000000000000000000e+02 5.781989999999999554e+02
5.200000000000000000e+02 5.728460000000000036e+02
5.400000000000000000e+02 5.735900000000000318e+02
5.600000000000000000e+02 5.729759999999999991e+02
5.800000000000000000e+02 5.755489999999999782e+02
6.000000000000000000e+02 5.698150000000000546e+02
6.200000000000000000e+02 5.762839999999999918e+02
6.400000000000000000e+02 5.729930000000000518e+02
6.600000000000000000e+02 5.746420000000000528e+02
6.800000000000000000e+02 5.721390000000000100e+02
7.000000000000000000e+02 5.715629999999999882e+02
7.200000000000000000e+02 5.711050000000000182e+02
7.400000000000000000e+02 5.778830000000000382e+02
7.600000000000000000e+02 5.694900000000000091e+02
7.800000000000000000e+02 5.754320000000000164e+02
8.000000000000000000e+02 5.725209999999999582e+02
8.200000000000000000e+02 5.691620000000000346e+02
8.400000000000000000e+02 5.744840000000000373e+02
8.600000000000000000e+02 5.736879999999999882e+02
8.800000000000000000e+02 5.722649999999999864e+02
9.000000000000000000e+02 5.728769999999999527e+02
9.200000000000000000e+02 5.738279999999999745e+02
9.400000000000000000e+02 5.692640000000000100e+02
9.600000000000000000e+02 5.747169999999999845e+02
9.800000000000000000e+02 5.742069999999999936e+02
1.000000000000000000e+03 5.708500000000000227e+02
1.020000000000000000e+03 5.717129999999999654e+02
1.040000000000000000e+03 5.738559999999999945e+02
1.060000000000000000e+03 5.692720000000000482e+02
1.080000000000000000e+03 5.764130000000000109e+02
1.100000000000000000e+03 5.713390000000000555e+02
1.120000000000000000e+03 5.741059999999999945e+02
1.140000000000000000e+03 5.711549999999999727e+02
1.160000000000000000e+03 5.735919999999999845e+02
1.180000000000000000e+03 5.691390000000000100e+02
1.200000000000000000e+03 5.751090000000000373e+02
1.220000000000000000e+03 5.713139999999999645e+02
1.240000000000000000e+03 5.754489999999999554e+02
1.260000000000000000e+03 5.715009999999999764e+02
1.280000000000000000e+03 5.712960000000000491e+02
1.300000000000000000e+03 5.696090000000000373e+02
1.320000000000000000e+03 5.778450000000000273e+02
1.340000000000000000e+03 5.695460000000000491e+02
1.360000000000000000e+03 5.735539999999999736e+02
1.380000000000000000e+03 5.752509999999999764e+02
1.400000000000000000e+03 5.667150000000000318e+02
1.420000000000000000e+03 5.752340000000000373e+02
1.440000000000000000e+03 5.736770000000000209e+02
1.460000000000000000e+03 5.705650000000000546e+02
1.480000000000000000e+03 5.738650000000000091e+02
1.500000000000000000e+03 5.740049999999999955e+02
1.520000000000000000e+03 5.681259999999999764e+02
1.540000000000000000e+03 5.747949999999999591e+02
1.560000000000000000e+03 5.728999999999999773e+02
1.580000000000000000e+03 5.719919999999999618e+02
1.600000000000000000e+03 5.710789999999999509e+02
1.620000000000000000e+03 5.739750000000000227e+02
1.640000000000000000e+03 5.696069999999999709e+02
1.660000000000000000e+03 5.755700000000000500e+02
1.680000000000000000e+03 5.713529999999999518e+02
1.700000000000000000e+03 5.745739999999999554e+02
1.720000000000000000e+03 5.707259999999999991e+02
1.740000000000000000e+03 5.725449999999999591e+02
1.760000000000000000e+03 5.695199999999999818e+02
1.780000000000000000e+03 5.751720000000000255e+02
1.800000000000000000e+03 5.709139999999999873e+02
1.820000000000000000e+03 5.742599999999999909e+02
1.840000000000000000e+03 5.733020000000000209e+02
1.860000000000000000e+03 5.697709999999999582e+02
1.880000000000000000e+03 5.710040000000000191e+02
1.900000000000000000e+03 5.775359999999999445e+02
1.920000000000000000e+03 5.692989999999999782e+02
1.940000000000000000e+03 5.742190000000000509e+02
1.960000000000000000e+03 5.741530000000000200e+02
1.980000000000000000e+03 5.677350000000000136e+02
2.000000000000000000e+03 5.744890000000000327e+02
2.020000000000000000e+03 5.738540000000000418e+02
2.040000000000000000e+03 5.704360000000000355e+02
2.060000000000000000e+03 5.715700000000000500e+02
2.080000000000000000e+03 5.741910000000000309e+02
2.100000000000000000e+03 5.688719999999999573e+02
2.120000000000000000e+03 5.746789999999999736e+02
2.140000000000000000e+03 5.727450000000000045e+02
2.160000000000000000e+03 5.716390000000000100e+02
2.180000000000000000e+03 5.725819999999999936e+02
2.200000000000000000e+03 5.735489999999999782e+02
2.220000000000000000e+03 5.686100000000000136e+02
2.240000000000000000e+03 5.760900000000000318e+02
2.260000000000000000e+03 5.712279999999999518e+02
2.280000000000000000e+03 5.736710000000000491e+02
2.300000000000000000e+03 5.711789999999999736e+02
2.320000000000000000e+03 5.719210000000000491e+02
2.340000000000000000e+03 5.703189999999999600e+02
2.360000000000000000e+03 5.768719999999999573e+02
2.380000000000000000e+03 5.702970000000000255e+02
2.400000000000000000e+03 5.735069999999999482e+02
2.420000000000000000e+03 5.720370000000000346e+02
2.440000000000000000e+03 5.700650000000000546e+02
2.460000000000000000e+03 5.721810000000000400e+02
2.480000000000000000e+03 5.754729999999999563e+02
2.500000000000000000e+03 5.710890000000000555e+02
2.520000000000000000e+03 5.744610000000000127e+02
2.540000000000000000e+03 5.723429999999999609e+02
2.560000000000000000e+03 5.684210000000000491e+02
2.580000000000000000e+03 5.742989999999999782e+02
2.600000000000000000e+03 5.756599999999999682e+02
2.620000000000000000e+03 5.699260000000000446e+02
2.640000000000000000e+03 5.709429999999999836e+02
2.660000000000000000e+03 5.743550000000000182e+02
2.680000000000000000e+03 5.681680000000000064e+02
2.700000000000000000e+03 5.761090000000000373e+02
2.720000000000000000e+03 5.716950000000000500e+02
2.740000000000000000e+03 5.724470000000000027e+02
2.760000000000000000e+03 5.716399999999999864e+02
2.780000000000000000e+03 5.740090000000000146e+02
2.800000000000000000e+03 5.685289999999999964e+02
2.820000000000000000e+03 5.752899999999999636e+02
2.840000000000000000e+03 5.721630000000000109e+02
2.860000000000000000e+03 5.741559999999999491e+02
2.880000000000000000e+03 5.714339999999999691e+02
2.900000000000000000e+03 5.709859999999999900e+02
2.920000000000000000e+03 5.704460000000000264e+02
2.940000000000000000e+03 5.776219999999999573e+02
2.960000000000000000e+03 5.688289999999999509e+02
2.980000000000000000e+03 5.749700000000000273e+02
3.000000000000000000e+03 5.720489999999999782e+02
3.020000000000000000e+03 5.687509999999999764e+02
3.040000000000000000e+03 5.741219999999999573e+02
3.060000000000000000e+03 5.732930000000000064e+02
3.080000000000000000e+03 5.719869999999999663e+02
3.100000000000000000e+03 5.725990000000000464e+02
3.120000000000000000e+03 5.735000000000000000e+02
3.140000000000000000e+03 5.689239999999999782e+02
3.160000000000000000e+03 5.744160000000000537e+02
3.180000000000000000e+03 5.742060000000000173e+02
3.200000000000000000e+03 5.703239999999999554e+02
3.220000000000000000e+03 5.714959999999999809e+02
3.240000000000000000e+03 5.737630000000000337e+02
3.260000000000000000e+03 5.690000000000000000e+02
3.280000000000000000e+03 5.761000000000000227e+02
3.300000000000000000e+03 5.713680000000000518e+02
3.320000000000000000e+03 5.737949999999999591e+02
3.340000000000000000e+03 5.708780000000000427e+02
3.360000000000000000e+03 5.734170000000000300e+02
3.380000000000000000e+03 5.689389999999999645e+02
3.400000000000000000e+03 5.751250000000000000e+02
3.420000000000000000e+03 5.711150000000000091e+02
3.440000000000000000e+03 5.751399999999999864e+02
3.460000000000000000e+03 5.716019999999999754e+02
3.480000000000000000e+03 5.708959999999999582e+02
3.500000000000000000e+03 5.695359999999999445e+02
3.520000000000000000e+03 5.777450000000000045e+02
3.540000000000000000e+03 5.693200000000000500e+02
3.560000000000000000e+03 5.735929999999999609e+02
3.580000000000000000e+03 5.752789999999999964e+02
3.600000000000000000e+03 5.663750000000000000e+02
3.620000000000000000e+03 5.750679999999999836e+02
3.640000000000000000e+03 5.737029999999999745e+02
3.660000000000000000e+03 5.703139999999999645e+02
3.680000000000000000e+03 5.738500000000000227e+02
3.700000000000000000e+03 5.738680000000000518e+02
3.720000000000000000e+03 5.679940000000000282e+02
3.740000000000000000e+03 5.747580000000000382e+02
3.760000000000000000e+03 5.729389999999999645e+02
3.780000000000000000e+03 5.718790000000000191e+02
3.800000000000000000e+03 5.709329999999999927e+02
3.820000000000000000e+03 5.738490000000000464e+02
3.840000000000000000e+03 5.695489999999999782e+02
3.860000000000000000e+03 5.754809999999999945e+02
3.880000000000000000e+03 5.712910000000000537e+02
3.900000000000000000e+03 5.745439999999999827e+02
3.920000000000000000e+03 5.709239999999999782e+02
3.940000000000000000e+03 5.721739999999999782e+02
3.960000000000000000e+03 5.694729999999999563e+02
3.980000000000000000e+03 5.751309999999999718e+02
4.000000000000000000e+03 5.708559999999999945e+02
4.020000000000000000e+03 5.743640000000000327e+02
4.040000000000000000e+03 5.730919999999999845e+02
4.060000000000000000e+03 5.697309999999999945e+02
4.080000000000000000e+03 5.712190000000000509e+02
4.100000000000000000e+03 5.773509999999999991e+02
4.120000000000000000e+03 5.691570000000000391e+02
4.140000000000000000e+03 5.741760000000000446e+02
4.160000000000000000e+03 5.744969999999999573e+02
4.180000000000000000e+03 5.673490000000000464e+02
4.200000000000000000e+03 5.746000000000000227e+02
4.220000000000000000e+03 5.736630000000000109e+02
4.240000000000000000e+03 5.704349999999999454e+02
4.260000000000000000e+03 5.715660000000000309e+02
4.280000000000000000e+03 5.741989999999999554e+02
4.300000000000000000e+03 5.688609999999999900e+02
4.320000000000000000e+03 5.747770000000000437e+02
4.340000000000000000e+03 5.725819999999999936e+02
4.360000000000000000e+03 5.717870000000000346e+02
4.380000000000000000e+03 5.725819999999999936e+02
4.400000000000000000e+03 5.733709999999999809e+02
4.420000000000000000e+03 5.685299999999999727e+02
4.440000000000000000e+03 5.760449999999999591e+02
4.460000000000000000e+03 5.712259999999999991e+02
4.480000000000000000e+03 5.737069999999999936e+02
4.500000000000000000e+03 5.711739999999999782e+02
4.520000000000000000e+03 5.718569999999999709e+02
4.540000000000000000e+03 5.703220000000000027e+02
4.560000000000000000e+03 5.768120000000000118e+02
4.580000000000000000e+03 5.703840000000000146e+02
4.600000000000000000e+03 5.733999999999999773e+02
4.620000000000000000e+03 5.721530000000000200e+02
4.640000000000000000e+03 5.701069999999999709e+02
4.660000000000000000e+03 5.720049999999999955e+02
4.680000000000000000e+03 5.756269999999999527e+02
4.700000000000000000e+03 5.710499999999999545e+02
4.720000000000000000e+03 5.742759999999999536e+02
4.740000000000000000e+03 5.723579999999999472e+02
4.760000000000000000e+03 5.685270000000000437e+02
4.780000000000000000e+03 5.742459999999999809e+02
4.800000000000000000e+03 5.756810000000000400e+02
4.820000000000000000e+03 5.698329999999999700e+02
4.840000000000000000e+03 5.710030000000000427e+02
4.860000000000000000e+03 5.744610000000000127e+02
4.880000000000000000e+03 5.680370000000000346e+02
4.900000000000000000e+03 5.760069999999999482e+02
4.920000000000000000e+03 5.718940000000000055e+02
4.940000000000000000e+03 5.722770000000000437e+02
4.960000000000000000e+03 5.715670000000000073e+02
4.980000000000000000e+03 5.741029999999999518e+02
5.000000000000000000e+03 5.683769999999999527e+02
5.020000000000000000e+03 5.753440000000000509e+02
5.040000000000000000e+03 5.722690000000000055e+02
5.060000000000000000e+03 5.740130000000000337e+02
5.080000000000000000e+03 5.713769999999999527e+02
5.100000000000000000e+03 5.711720000000000255e+02
5.120000000000000000e+03 5.702469999999999573e+02
5.140000000000000000e+03 5.776889999999999645e+02
5.160000000000000000e+03 5.687509999999999764e+02
5.180000000000000000e+03 5.750109999999999673e+02
5.200000000000000000e+03 5.721699999999999591e+02
5.220000000000000000e+03 5.685710000000000264e+02
5.240000000000000000e+03 5.742469999999999573e+02
5.260000000000000000e+03 5.733289999999999509e+02
5.280000000000000000e+03 5.718289999999999509e+02
5.300000000000000000e+03 5.726900000000000546e+02
5.320000000000000000e+03 5.735000000000000000e+02
5.340000000000000000e+03 5.688089999999999691e+02
5.360000000000000000e+03 5.744120000000000346e+02
5.380000000000000000e+03 5.742970000000000255e+02
5.400000000000000000e+03 5.702569999999999482e+02
5.420000000000000000e+03 5.714020000000000437e+02
5.440000000000000000e+03 5.740750000000000455e+02
5.460000000000000000e+03 5.687279999999999518e+02
5.480000000000000000e+03 5.762240000000000464e+02
5.500000000000000000e+03 5.712150000000000318e+02
5.520000000000000000e+03 5.738300000000000409e+02
5.540000000000000000e+03 5.708170000000000073e+02
5.560000000000000000e+03 5.733780000000000427e+02
5.580000000000000000e+03 5.691499999999999773e+02
5.600000000000000000e+03 5.749519999999999982e+02
5.620000000000000000e+03 5.710869999999999891e+02
5.640000000000000000e+03 5.751000000000000227e+02
5.660000000000000000e+03 5.717640000000000100e+02
5.680000000000000000e+03 5.707369999999999663e+02
5.700000000000000000e+03 5.696250000000000000e+02
5.720000000000000000e+03 5.777450000000000045e+02
5.740000000000000000e+03 5.692519999999999527e+02
5.760000000000000000e+03 5.739030000000000200e+02
5.780000000000000000e+03 5.749009999999999536e+02
5.800000000000000000e+03 5.663680000000000518e+02
5.820000000000000000e+03 5.751549999999999727e+02
5.840000000000000000e+03 5.736309999999999718e+02
5.860000000000000000e+03 5.703840000000000146e+02
5.880000000000000000e+03 5.740480000000000018e+02
5.900000000000000000e+03 5.737659999999999627e+02
5.920000000000000000e+03 5.678880000000000337e+02
5.940000000000000000e+03 5.747450000000000045e+02
5.960000000000000000e+03 5.729109999999999445e+02
5.980000000000000000e+03 5.718859999999999673e+02
6.000000000000000000e+03 5.709550000000000409e+02
6.020000000000000000e+03 5.738029999999999973e+02
6.040000000000000000e+03 5.695570000000000164e+02
6.060000000000000000e+03 5.754660000000000082e+02
6.080000000000000000e+03 5.712530000000000427e+02
6.100000000000000000e+03 5.746440000000000055e+02
6.120000000000000000e+03 5.708700000000000045e+02
6.140000000000000000e+03 5.721050000000000182e+02
6.160000000000000000e+03 5.695249999999999773e+02
6.180000000000000000e+03 5.751380000000000337e+02
6.200000000000000000e+03 5.708339999999999463e+02
6.220000000000000000e+03 5.743719999999999573e+02
6.240000000000000000e+03 5.730359999999999445e+02
6.260000000000000000e+03 5.698949999999999818e+02
6.280000000000000000e+03 5.710650000000000546e+02
6.300000000000000000e+03 5.773160000000000309e+02
6.320000000000000000e+03 5.693239999999999554e+02
6.340000000000000000e+03 5.740449999999999591e+02
6.360000000000000000e+03 5.745460000000000491e+02
6.380000000000000000e+03 5.673079999999999927e+02
6.400000000000000000e+03 5.746069999999999709e+02
6.420000000000000000e+03 5.736359999999999673e+02
6.440000000000000000e+03 5.705080000000000382e+02
6.460000000000000000e+03 5.715359999999999445e+02
6.480000000000000000e+03 5.741250000000000000e+02
6.500000000000000000e+03 5.689629999999999654e+02
6.520000000000000000e+03 5.747039999999999509e+02
6.540000000000000000e+03 5.725950000000000273e+02
6.560000000000000000e+03 5.717680000000000291e+02
6.580000000000000000e+03 5.726509999999999536e+02
6.600000000000000000e+03 5.733029999999999973e+02
6.620000000000000000e+03 5.686559999999999491e+02
6.640000000000000000e+03 5.759470000000000027e+02
6.660000000000000000e+03 5.711539999999999964e+02
6.680000000000000000e+03 5.738170000000000073e+02
6.700000000000000000e+03 5.713360000000000127e+02
6.720000000000000000e+03 5.716050000000000182e+02
6.740000000000000000e+03 5.703200000000000500e+02
6.760000000000000000e+03 5.768269999999999982e+02
6.780000000000000000e+03 5.703830000000000382e+02
6.800000000000000000e+03 5.734669999999999845e+02
6.820000000000000000e+03 5.721100000000000136e+02
6.840000000000000000e+03 5.700879999999999654e+02
6.860000000000000000e+03 5.721620000000000346e+02
6.880000000000000000e+03 5.757960000000000491e+02
6.900000000000000000e+03 5.707540000000000191e+02
6.920000000000000000e+03 5.742279999999999518e+02
6.940000000000000000e+03 5.723250000000000455e+02
6.960000000000000000e+03 5.687989999999999782e+02
6.980000000000000000e+03 5.740080000000000382e+02
7.000000000000000000e+03 5.756440000000000055e+02
7.020000000000000000e+03 5.699149999999999636e+02
7.040000000000000000e+03 5.709210000000000491e+02
7.060000000000000000e+03 5.746710000000000491e+02
7.080000000000000000e+03 5.681630000000000109e+02
7.100000000000000000e+03 5.756620000000000346e+02
7.120000000000000000e+03 5.721180000000000518e+02
7.140000000000000000e+03 5.721970000000000027e+02
7.160000000000000000e+03 5.714410000000000309e+02
7.180000000000000000e+03 5.740900000000000318e+02
7.200000000000000000e+03 5.684769999999999754e+02
7.220000000000000000e+03 5.753410000000000082e+02
7.240000000000000000e+03 5.721670000000000300e+02
7.260000000000000000e+03 5.740839999999999463e+02
7.280000000000000000e+03 5.713999999999999773e+02
7.300000000000000000e+03 5.713740000000000236e+02
7.320000000000000000e+03 5.699740000000000464e+02
7.340000000000000000e+03 5.778640000000000327e+02
7.360000000000000000e+03 5.687000000000000455e+02
7.380000000000000000e+03 5.748640000000000327e+02
7.400000000000000000e+03 5.724990000000000236e+02
7.420000000000000000e+03 5.685090000000000146e+02
7.440000000000000000e+03 5.740240000000000009e+02
7.460000000000000000e+03 5.734500000000000455e+02
7.480000000000000000e+03 5.716739999999999782e+02
7.500000000000000000e+03 5.726960000000000264e+02
7.520000000000000000e+03 5.736019999999999754e+02
7.540000000000000000e+03 5.686730000000000018e+02
7.560000000000000000e+03 5.744869999999999663e+02
7.580000000000000000e+03 5.744719999999999800e+02
7.600000000000000000e+03 5.701630000000000109e+02
7.620000000000000000e+03 5.712910000000000537e+02
7.640000000000000000e+03 5.740510000000000446e+02
7.660000000000000000e+03 5.687079999999999700e+02
7.680000000000000000e+03 5.762240000000000464e+02
7.700000000000000000e+03 5.712400000000000091e+02
7.720000000000000000e+03 5.739379999999999882e+02
7.740000000000000000e+03 5.707949999999999591e+02
7.760000000000000000e+03 5.733110000000000355e+02
7.780000000000000000e+03 5.694370000000000118e+02
7.800000000000000000e+03 5.746330000000000382e+02
7.820000000000000000e+03 5.711570000000000391e+02
7.840000000000000000e+03 5.750170000000000528e+02
7.860000000000000000e+03 5.717839999999999918e+02
7.880000000000000000e+03 5.711359999999999673e+02
7.900000000000000000e+03 5.692809999999999491e+02
7.920000000000000000e+03 5.780009999999999764e+02
7.940000000000000000e+03 5.689320000000000164e+02
7.960000000000000000e+03 5.739059999999999491e+02
7.980000000000000000e+03 5.749969999999999573e+02
8.000000000000000000e+03 5.662930000000000064e+02
8.020000000000000000e+03 5.752690000000000055e+02
8.040000000000000000e+03 5.735059999999999718e+02
8.060000000000000000e+03 5.703890000000000100e+02
8.080000000000000000e+03 5.740280000000000200e+02
8.100000000000000000e+03 5.737989999999999782e+02
8.120000000000000000e+03 5.678529999999999518e+02
8.140000000000000000e+03 5.750529999999999973e+02
8.160000000000000000e+03 5.726000000000000227e+02
8.180000000000000000e+03 5.720729999999999791e+02
8.200000000000000000e+03 5.708099999999999454e+02
8.220000000000000000e+03 5.737619999999999436e+02
8.240000000000000000e+03 5.695800000000000409e+02
8.260000000000000000e+03 5.756269999999999527e+02
8.280000000000000000e+03 5.710940000000000509e+02
8.300000000000000000e+03 5.746950000000000500e+02
8.320000000000000000e+03 5.709510000000000218e+02
8.340000000000000000e+03 5.720489999999999782e+02
8.360000000000000000e+03 5.694700000000000273e+02
8.380000000000000000e+03 5.752200000000000273e+02
8.400000000000000000e+03 5.708869999999999436e+02
8.420000000000000000e+03 5.744700000000000273e+02
8.440000000000000000e+03 5.729049999999999727e+02
8.460000000000000000e+03 5.697649999999999864e+02
8.480000000000000000e+03 5.710660000000000309e+02
8.500000000000000000e+03 5.773590000000000373e+02
8.520000000000000000e+03 5.692749999999999773e+02
8.540000000000000000e+03 5.740689999999999600e+02
8.560000000000000000e+03 5.747219999999999800e+02
8.580000000000000000e+03 5.671470000000000482e+02
8.600000000000000000e+03 5.745890000000000555e+02
8.620000000000000000e+03 5.736449999999999818e+02
8.640000000000000000e+03 5.707590000000000146e+02
8.660000000000000000e+03 5.712789999999999964e+02
8.680000000000000000e+03 5.745560000000000400e+02
8.700000000000000000e+03 5.686539999999999964e+02
8.720000000000000000e+03 5.748709999999999809e+02
8.740000000000000000e+03 5.723150000000000546e+02
8.760000000000000000e+03 5.717670000000000528e+02
8.780000000000000000e+03 5.726620000000000346e+02
8.800000000000000000e+03 5.733500000000000227e+02
8.820000000000000000e+03 5.685879999999999654e+02
8.840000000000000000e+03 5.761409999999999627e+02
8.860000000000000000e+03 5.710270000000000437e+02
8.880000000000000000e+03 5.738659999999999854e+02
8.900000000000000000e+03 5.712179999999999609e+02
8.920000000000000000e+03 5.716180000000000518e+02
8.940000000000000000e+03 5.703709999999999809e+02
8.960000000000000000e+03 5.767580000000000382e+02
8.980000000000000000e+03 5.704610000000000127e+02
