0.000000000000000000e+00 4.821419999999999709e+04
2.000000000000000000e+01 3.440719999999999709e+04
4.000000000000000000e+01 2.282059999999999854e+04
6.000000000000000000e+01 1.633150000000000000e+04
8.000000000000000000e+01 1.215560000000000036e+04
1.000000000000000000e+02 9.639620000000000800e+03
1.200000000000000000e+02 7.899689999999999600e+03
1.400000000000000000e+02 6.406819999999999709e+03
1.600000000000000000e+02 5.540159999999999854e+03
1.800000000000000000e+02 4.913279999999999745e+03
2.000000000000000000e+02 4.182220000000000255e+03
2.200000000000000000e+02 3.767980000000000018e+03
2.400000000000000000e+02 3.480909999999999854e+03
2.600000000000000000e+02 3.109510000000000218e+03
2.800000000000000000e+02 2.911400000000000091e+03
3.000000000000000000e+02 2.587610000000000127e+03
3.200000000000000000e+02 2.358099999999999909e+03
3.400000000000000000e+02 2.274909999999999854e+03
3.600000000000000000e+02 2.197369999999999891e+03
3.800000000000000000e+02 2.070019999999999982e+03
4.000000000000000000e+02 1.944190000000000055e+03
4.200000000000000000e+02 1.752309999999999945e+03
4.400000000000000000e+02 1.769029999999999973e+03
4.600000000000000000e+02 1.630829999999999927e+03
4.800000000000000000e+02 1.646630000000000109e+03
5.000000000000000000e+02 1.525569999999999936e+03
5.200000000000000000e+02 1.570059999999999945e+03
5.400000000000000000e+02 1.285549999999999955e+03
5.600000000000000000e+02 1.425579999999999927e+03
5.800000000000000000e+02 1.308609999999999900e+03
6.000000000000000000e+02 1.485089999999999918e+03
6.200000000000000000e+02 1.393109999999999900e+03
6.400000000000000000e+02 1.190069999999999936e+03
6.600000000000000000e+02 1.203009999999999991e+03
6.800000000000000000e+02 1.248119999999999891e+03
7.000000000000000000e+02 1.303210000000000036e+03
7.200000000000000000e+02 1.109980000000000018e+03
7.400000000000000000e+02 1.039950000000000045e+03
7.600000000000000000e+02 1.158450000000000045e+03
7.800000000000000000e+02 9.359379999999999882e+02
8.000000000000000000e+02 9.102549999999999955e+02
8.200000000000000000e+02 9.642580000000000382e+02
8.400000000000000000e+02 9.201290000000000191e+02
8.600000000000000000e+02 1.050000000000000000e+03
8.800000000000000000e+02 9.961699999999999591e+02
9.000000000000000000e+02 9.122340000000000373e+02
9.200000000000000000e+02 9.609940000000000282e+02
9.400000000000000000e+02 9.468269999999999982e+02
9.600000000000000000e+02 9.342050000000000409e+02
9.800000000000000000e+02 9.224809999999999945e+02
1.000000000000000000e+03 8.250960000000000036e+02
1.020000000000000000e+03 1.004070000000000050e+03
1.040000000000000000e+03 8.720069999999999482e+02
1.060000000000000000e+03 8.551040000000000418e+02
1.080000000000000000e+03 8.433269999999999982e+02
1.100000000000000000e+03 9.990280000000000200e+02
1.120000000000000000e+03 7.195650000000000546e+02
1.140000000000000000e+03 8.804199999999999591e+02
1.160000000000000000e+03 7.995259999999999536e+02
1.180000000000000000e+03 9.672490000000000236e+02
1.200000000000000000e+03 9.159099999999999682e+02
1.220000000000000000e+03 7.136499999999999773e+02
1.240000000000000000e+03 8.788479999999999563e+02
1.260000000000000000e+03 8.414700000000000273e+02
1.280000000000000000e+03 8.532089999999999463e+02
1.300000000000000000e+03 7.745979999999999563e+02
1.320000000000000000e+03 7.659239999999999782e+02
1.340000000000000000e+03 8.205109999999999673e+02
1.360000000000000000e+03 7.259049999999999727e+02
1.380000000000000000e+03 6.162540000000000191e+02
1.400000000000000000e+03 7.879550000000000409e+02
1.420000000000000000e+03 7.167179999999999609e+02
1.440000000000000000e+03 7.675209999999999582e+02
1.460000000000000000e+03 8.057659999999999627e+02
1.480000000000000000e+03 7.107480000000000473e+02
1.500000000000000000e+03 7.312309999999999945e+02
1.520000000000000000e+03 7.131449999999999818e+02
1.540000000000000000e+03 7.935979999999999563e+02
1.560000000000000000e+03 8.019039999999999964e+02
1.580000000000000000e+03 6.364270000000000209e+02
1.600000000000000000e+03 9.121820000000000164e+02
1.620000000000000000e+03 6.868469999999999800e+02
1.640000000000000000e+03 7.596399999999999864e+02
1.660000000000000000e+03 8.065249999999999773e+02
1.680000000000000000e+03 8.529429999999999836e+02
1.700000000000000000e+03 6.375620000000000118e+02
1.720000000000000000e+03 7.712780000000000200e+02
1.740000000000000000e+03 6.931860000000000355e+02
1.760000000000000000e+03 6.753859999999999673e+02
1.780000000000000000e+03 7.573700000000000045e+02
1.800000000000000000e+03 5.564919999999999618e+02
1.820000000000000000e+03 7.727680000000000291e+02
1.840000000000000000e+03 6.884320000000000164e+02
1.860000000000000000e+03 7.557730000000000246e+02
1.880000000000000000e+03 6.615140000000000100e+02
1.900000000000000000e+03 7.051599999999999682e+02
1.920000000000000000e+03 7.130280000000000200e+02
1.940000000000000000e+03 6.576209999999999809e+02
1.960000000000000000e+03 5.488390000000000555e+02
1.980000000000000000e+03 6.908930000000000291e+02
2.000000000000000000e+03 6.973609999999999900e+02
2.020000000000000000e+03 6.620380000000000109e+02
2.040000000000000000e+03 7.413640000000000327e+02
2.060000000000000000e+03 6.632970000000000255e+02
2.080000000000000000e+03 6.126660000000000537e+02
2.100000000000000000e+03 6.223310000000000173e+02
2.120000000000000000e+03 6.982069999999999936e+02
2.140000000000000000e+03 7.652799999999999727e+02
2.160000000000000000e+03 5.710140000000000100e+02
2.180000000000000000e+03 8.157740000000000009e+02
2.200000000000000000e+03 6.370009999999999764e+02
2.220000000000000000e+03 7.517799999999999727e+02
2.240000000000000000e+03 8.122219999999999800e+02
2.260000000000000000e+03 7.710209999999999582e+02
2.280000000000000000e+03 5.314420000000000073e+02
2.300000000000000000e+03 6.892359999999999900e+02
2.320000000000000000e+03 7.108099999999999454e+02
2.340000000000000000e+03 6.493339999999999463e+02
2.360000000000000000e+03 6.229020000000000437e+02
2.380000000000000000e+03 5.181649999999999636e+02
2.400000000000000000e+03 7.555950000000000273e+02
2.420000000000000000e+03 6.231290000000000191e+02
2.440000000000000000e+03 6.832670000000000528e+02
2.460000000000000000e+03 5.836499999999999773e+02
2.480000000000000000e+03 5.791589999999999918e+02
2.500000000000000000e+03 6.293360000000000127e+02
2.520000000000000000e+03 6.504230000000000018e+02
2.540000000000000000e+03 5.466409999999999627e+02
2.560000000000000000e+03 6.530030000000000427e+02
2.580000000000000000e+03 6.216470000000000482e+02
2.600000000000000000e+03 5.988379999999999654e+02
2.620000000000000000e+03 6.735000000000000000e+02
2.640000000000000000e+03 6.492350000000000136e+02
2.660000000000000000e+03 5.706559999999999491e+02
2.680000000000000000e+03 5.483949999999999818e+02
2.700000000000000000e+03 6.366609999999999445e+02
2.720000000000000000e+03 6.713289999999999509e+02
2.740000000000000000e+03 5.278310000000000173e+02
2.760000000000000000e+03 7.535019999999999527e+02
2.780000000000000000e+03 5.959260000000000446e+02
2.800000000000000000e+03 6.947200000000000273e+02
2.820000000000000000e+03 6.666630000000000109e+02
2.840000000000000000e+03 7.431000000000000227e+02
2.860000000000000000e+03 5.201150000000000091e+02
2.880000000000000000e+03 6.142469999999999573e+02
2.900000000000000000e+03 6.813890000000000100e+02
2.920000000000000000e+03 6.608990000000000009e+02
2.940000000000000000e+03 5.497559999999999718e+02
2.960000000000000000e+03 5.218959999999999582e+02
2.980000000000000000e+03 7.404320000000000164e+02
3.000000000000000000e+03 6.224059999999999491e+02
3.020000000000000000e+03 6.748049999999999500e+02
3.040000000000000000e+03 4.965190000000000055e+02
3.060000000000000000e+03 5.410819999999999936e+02
3.080000000000000000e+03 6.096950000000000500e+02
3.100000000000000000e+03 6.736459999999999582e+02
3.120000000000000000e+03 5.723070000000000164e+02
3.140000000000000000e+03 6.035470000000000255e+02
3.160000000000000000e+03 5.490370000000000346e+02
3.180000000000000000e+03 5.660170000000000528e+02
3.200000000000000000e+03 5.755610000000000355e+02
3.220000000000000000e+03 6.223410000000000082e+02
3.240000000000000000e+03 6.584809999999999945e+02
3.260000000000000000e+03 4.907180000000000177e+02
3.280000000000000000e+03 6.378949999999999818e+02
3.300000000000000000e+03 6.231190000000000282e+02
3.320000000000000000e+03 5.373619999999999663e+02
3.340000000000000000e+03 7.298390000000000555e+02
3.360000000000000000e+03 5.570190000000000055e+02
3.380000000000000000e+03 5.612309999999999945e+02
3.400000000000000000e+03 6.806739999999999782e+02
3.420000000000000000e+03 6.755049999999999955e+02
3.440000000000000000e+03 5.281269999999999527e+02
3.460000000000000000e+03 6.097229999999999563e+02
3.480000000000000000e+03 7.705499999999999545e+02
3.500000000000000000e+03 5.417709999999999582e+02
3.520000000000000000e+03 5.408070000000000164e+02
3.540000000000000000e+03 6.201390000000000100e+02
3.560000000000000000e+03 6.205049999999999955e+02
3.580000000000000000e+03 5.872269999999999754e+02
3.600000000000000000e+03 6.023289999999999509e+02
3.620000000000000000e+03 5.061659999999999968e+02
3.640000000000000000e+03 5.897169999999999845e+02
3.660000000000000000e+03 5.749030000000000200e+02
3.680000000000000000e+03 6.647150000000000318e+02
3.700000000000000000e+03 4.970110000000000241e+02
3.720000000000000000e+03 5.410259999999999536e+02
3.740000000000000000e+03 5.195810000000000173e+02
3.760000000000000000e+03 5.271559999999999491e+02
3.780000000000000000e+03 4.960939999999999941e+02
3.800000000000000000e+03 6.312229999999999563e+02
3.820000000000000000e+03 6.067350000000000136e+02
3.840000000000000000e+03 5.056829999999999927e+02
3.860000000000000000e+03 5.983360000000000127e+02
3.880000000000000000e+03 6.852269999999999754e+02
3.900000000000000000e+03 5.861720000000000255e+02
3.920000000000000000e+03 6.785729999999999791e+02
3.940000000000000000e+03 5.431509999999999536e+02
3.960000000000000000e+03 5.703619999999999663e+02
3.980000000000000000e+03 6.069610000000000127e+02
4.000000000000000000e+03 6.174160000000000537e+02
4.020000000000000000e+03 4.358079999999999927e+02
4.040000000000000000e+03 6.400030000000000427e+02
4.060000000000000000e+03 7.156879999999999882e+02
4.080000000000000000e+03 6.105660000000000309e+02
4.100000000000000000e+03 6.041950000000000500e+02
4.120000000000000000e+03 7.002820000000000391e+02
4.140000000000000000e+03 5.485589999999999691e+02
4.160000000000000000e+03 6.570230000000000246e+02
4.180000000000000000e+03 6.628559999999999945e+02
4.200000000000000000e+03 5.286029999999999518e+02
4.220000000000000000e+03 7.144310000000000400e+02
4.240000000000000000e+03 5.315030000000000427e+02
4.260000000000000000e+03 5.829160000000000537e+02
4.280000000000000000e+03 4.702819999999999823e+02
4.300000000000000000e+03 5.207830000000000155e+02
4.320000000000000000e+03 5.196200000000000045e+02
4.340000000000000000e+03 6.488099999999999454e+02
4.360000000000000000e+03 5.886970000000000027e+02
4.380000000000000000e+03 5.848780000000000427e+02
4.400000000000000000e+03 5.816459999999999582e+02
4.420000000000000000e+03 4.999270000000000209e+02
4.440000000000000000e+03 5.589560000000000173e+02
4.460000000000000000e+03 7.053730000000000473e+02
4.480000000000000000e+03 5.477229999999999563e+02
4.500000000000000000e+03 5.588650000000000091e+02
4.520000000000000000e+03 5.204299999999999500e+02
4.540000000000000000e+03 6.106989999999999554e+02
4.560000000000000000e+03 6.714950000000000045e+02
4.580000000000000000e+03 6.075180000000000291e+02
4.600000000000000000e+03 4.599180000000000064e+02
4.620000000000000000e+03 5.969809999999999945e+02
4.640000000000000000e+03 5.800969999999999800e+02
4.660000000000000000e+03 6.360910000000000082e+02
4.680000000000000000e+03 6.832680000000000291e+02
4.700000000000000000e+03 8.031599999999999682e+02
4.720000000000000000e+03 5.422889999999999873e+02
4.740000000000000000e+03 7.037549999999999955e+02
4.760000000000000000e+03 6.779850000000000136e+02
4.780000000000000000e+03 6.221910000000000309e+02
4.800000000000000000e+03 8.455829999999999700e+02
4.820000000000000000e+03 5.466670000000000300e+02
4.840000000000000000e+03 6.110739999999999554e+02
4.860000000000000000e+03 4.962529999999999859e+02
4.880000000000000000e+03 5.367150000000000318e+02
4.900000000000000000e+03 5.260480000000000018e+02
4.920000000000000000e+03 7.148940000000000055e+02
4.940000000000000000e+03 5.842019999999999982e+02
4.960000000000000000e+03 7.244329999999999927e+02
4.980000000000000000e+03 6.059629999999999654e+02
5.000000000000000000e+03 5.401779999999999973e+02
5.020000000000000000e+03 5.305019999999999527e+02
5.040000000000000000e+03 7.112849999999999682e+02
5.060000000000000000e+03 5.642859999999999445e+02
5.080000000000000000e+03 5.789880000000000564e+02
5.100000000000000000e+03 4.748149999999999977e+02
5.120000000000000000e+03 5.330660000000000309e+02
5.140000000000000000e+03 6.358709999999999809e+02
5.160000000000000000e+03 5.783200000000000500e+02
5.180000000000000000e+03 4.603410000000000082e+02
5.200000000000000000e+03 5.724470000000000027e+02
5.220000000000000000e+03 5.806839999999999691e+02
5.240000000000000000e+03 5.652619999999999436e+02
5.260000000000000000e+03 6.285470000000000255e+02
5.280000000000000000e+03 7.898880000000000337e+02
5.300000000000000000e+03 5.066000000000000227e+02
5.320000000000000000e+03 6.987069999999999936e+02
5.340000000000000000e+03 6.803410000000000082e+02
5.360000000000000000e+03 6.222519999999999527e+02
5.380000000000000000e+03 8.618479999999999563e+02
5.400000000000000000e+03 5.218890000000000100e+02
5.420000000000000000e+03 6.157640000000000100e+02
5.440000000000000000e+03 4.346039999999999850e+02
5.460000000000000000e+03 6.094220000000000255e+02
5.480000000000000000e+03 6.054829999999999472e+02
5.500000000000000000e+03 6.246380000000000337e+02
5.520000000000000000e+03 6.240869999999999891e+02
5.540000000000000000e+03 6.078999999999999773e+02
5.560000000000000000e+03 5.847910000000000537e+02
5.580000000000000000e+03 5.788740000000000236e+02
5.600000000000000000e+03 4.874340000000000259e+02
5.620000000000000000e+03 7.131490000000000009e+02
5.640000000000000000e+03 5.950890000000000555e+02
5.660000000000000000e+03 6.025199999999999818e+02
5.680000000000000000e+03 4.627640000000000100e+02
5.700000000000000000e+03 7.069589999999999463e+02
5.720000000000000000e+03 5.874189999999999827e+02
5.740000000000000000e+03 6.084349999999999454e+02
5.760000000000000000e+03 4.502830000000000155e+02
5.780000000000000000e+03 6.518920000000000528e+02
5.800000000000000000e+03 5.623949999999999818e+02
5.820000000000000000e+03 5.758600000000000136e+02
5.840000000000000000e+03 5.457060000000000173e+02
5.860000000000000000e+03 7.450969999999999800e+02
5.880000000000000000e+03 4.533050000000000068e+02
5.900000000000000000e+03 7.176900000000000546e+02
5.920000000000000000e+03 6.107210000000000036e+02
5.940000000000000000e+03 6.067340000000000373e+02
5.960000000000000000e+03 8.076720000000000255e+02
5.980000000000000000e+03 6.052340000000000373e+02
6.000000000000000000e+03 5.327759999999999536e+02
6.020000000000000000e+03 4.414470000000000027e+02
6.040000000000000000e+03 6.079769999999999754e+02
6.060000000000000000e+03 6.438440000000000509e+02
6.080000000000000000e+03 7.098450000000000273e+02
6.100000000000000000e+03 6.109539999999999509e+02
6.120000000000000000e+03 6.003959999999999582e+02
6.140000000000000000e+03 4.443910000000000196e+02
6.160000000000000000e+03 6.470309999999999491e+02
6.180000000000000000e+03 5.591200000000000045e+02
6.200000000000000000e+03 6.814589999999999463e+02
6.220000000000000000e+03 5.437939999999999827e+02
6.240000000000000000e+03 6.303730000000000473e+02
6.260000000000000000e+03 4.487939999999999827e+02
6.280000000000000000e+03 7.178229999999999791e+02
6.300000000000000000e+03 6.690149999999999864e+02
6.320000000000000000e+03 6.302549999999999955e+02
6.340000000000000000e+03 6.041889999999999645e+02
6.360000000000000000e+03 5.300710000000000264e+02
6.380000000000000000e+03 4.928399999999999750e+02
6.400000000000000000e+03 5.369959999999999809e+02
6.420000000000000000e+03 4.960299999999999727e+02
6.440000000000000000e+03 7.332939999999999827e+02
6.460000000000000000e+03 4.542540000000000191e+02
6.480000000000000000e+03 7.283750000000000000e+02
6.500000000000000000e+03 5.405910000000000082e+02
6.520000000000000000e+03 6.319059999999999491e+02
6.540000000000000000e+03 6.249149999999999636e+02
6.560000000000000000e+03 6.901009999999999991e+02
6.580000000000000000e+03 5.592699999999999818e+02
6.600000000000000000e+03 4.599399999999999977e+02
6.620000000000000000e+03 6.099139999999999873e+02
6.640000000000000000e+03 6.319189999999999827e+02
6.660000000000000000e+03 7.454840000000000373e+02
6.680000000000000000e+03 5.747949999999999591e+02
6.700000000000000000e+03 5.813239999999999554e+02
6.720000000000000000e+03 5.404189999999999827e+02
6.740000000000000000e+03 6.507179999999999609e+02
6.760000000000000000e+03 6.853909999999999627e+02
6.780000000000000000e+03 6.972619999999999436e+02
6.800000000000000000e+03 5.818440000000000509e+02
6.820000000000000000e+03 7.080819999999999936e+02
6.840000000000000000e+03 4.835550000000000068e+02
6.860000000000000000e+03 6.455739999999999554e+02
6.880000000000000000e+03 6.872409999999999854e+02
6.900000000000000000e+03 6.191559999999999491e+02
6.920000000000000000e+03 6.663740000000000236e+02
6.940000000000000000e+03 5.784529999999999745e+02
6.960000000000000000e+03 5.947780000000000200e+02
6.980000000000000000e+03 5.446760000000000446e+02
7.000000000000000000e+03 4.480939999999999941e+02
7.020000000000000000e+03 6.752409999999999854e+02
7.040000000000000000e+03 4.374069999999999823e+02
7.060000000000000000e+03 6.552740000000000009e+02
7.080000000000000000e+03 5.000040000000000191e+02
7.100000000000000000e+03 6.042169999999999845e+02
7.120000000000000000e+03 4.976929999999999836e+02
7.140000000000000000e+03 7.514769999999999754e+02
7.160000000000000000e+03 6.494819999999999709e+02
7.180000000000000000e+03 4.465009999999999764e+02
7.200000000000000000e+03 6.350940000000000509e+02
7.220000000000000000e+03 6.362309999999999945e+02
7.240000000000000000e+03 5.957210000000000036e+02
7.260000000000000000e+03 5.860359999999999445e+02
7.280000000000000000e+03 6.498669999999999618e+02
0.000000000000000000e+00 5.094559999999999854e+04
2.000000000000000000e+01 4.886809999999999854e+04
4.000000000000000000e+01 4.373130000000000291e+04
6.000000000000000000e+01 3.987880000000000291e+04
8.000000000000000000e+01 3.664519999999999709e+04
1.000000000000000000e+02 3.425559999999999854e+04
1.200000000000000000e+02 3.230159999999999854e+04
1.400000000000000000e+02 3.015709999999999854e+04
1.600000000000000000e+02 2.885809999999999854e+04
1.800000000000000000e+02 2.782670000000000073e+04
2.000000000000000000e+02 2.640640000000000146e+04
2.200000000000000000e+02 2.537940000000000146e+04
2.400000000000000000e+02 2.463809999999999854e+04
2.600000000000000000e+02 2.371479999999999927e+04
2.800000000000000000e+02 2.294140000000000146e+04
3.000000000000000000e+02 2.214690000000000146e+04
3.200000000000000000e+02 2.132109999999999854e+04
3.400000000000000000e+02 2.077200000000000000e+04
3.600000000000000000e+02 2.002090000000000146e+04
3.800000000000000000e+02 1.962559999999999854e+04
4.000000000000000000e+02 1.883850000000000000e+04
4.200000000000000000e+02 1.828409999999999854e+04
4.400000000000000000e+02 1.788450000000000000e+04
4.600000000000000000e+02 1.738290000000000146e+04
4.800000000000000000e+02 1.716279999999999927e+04
5.000000000000000000e+02 1.651790000000000146e+04
5.200000000000000000e+02 1.612300000000000000e+04
5.400000000000000000e+02 1.543270000000000073e+04
5.600000000000000000e+02 1.532560000000000036e+04
5.800000000000000000e+02 1.487260000000000036e+04
6.000000000000000000e+02 1.475670000000000073e+04
6.200000000000000000e+02 1.443750000000000000e+04
6.400000000000000000e+02 1.384889999999999964e+04
6.600000000000000000e+02 1.362970000000000073e+04
6.800000000000000000e+02 1.346220000000000073e+04
7.000000000000000000e+02 1.310639999999999964e+04
7.200000000000000000e+02 1.266220000000000073e+04
7.400000000000000000e+02 1.242360000000000036e+04
7.600000000000000000e+02 1.232060000000000036e+04
7.800000000000000000e+02 1.184500000000000000e+04
8.000000000000000000e+02 1.157870000000000073e+04
8.200000000000000000e+02 1.139200000000000000e+04
8.400000000000000000e+02 1.120089999999999964e+04
8.600000000000000000e+02 1.110520000000000073e+04
8.800000000000000000e+02 1.086379999999999927e+04
9.000000000000000000e+02 1.053820000000000073e+04
9.200000000000000000e+02 1.040589999999999964e+04
9.400000000000000000e+02 1.017370000000000073e+04
9.600000000000000000e+02 1.002500000000000000e+04
9.800000000000000000e+02 9.791969999999999345e+03
1.000000000000000000e+03 9.553500000000000000e+03
1.020000000000000000e+03 9.523659999999999854e+03
1.040000000000000000e+03 9.288969999999999345e+03
1.060000000000000000e+03 9.195530000000000655e+03
1.080000000000000000e+03 8.910489999999999782e+03
1.100000000000000000e+03 8.921110000000000582e+03
1.120000000000000000e+03 8.478079999999999927e+03
1.140000000000000000e+03 8.570989999999999782e+03
1.160000000000000000e+03 8.334129999999999200e+03
1.180000000000000000e+03 8.374459999999999127e+03
1.200000000000000000e+03 8.260600000000000364e+03
1.220000000000000000e+03 7.841149999999999636e+03
1.240000000000000000e+03 7.935520000000000437e+03
1.260000000000000000e+03 7.848329999999999927e+03
1.280000000000000000e+03 7.661439999999999600e+03
1.300000000000000000e+03 7.474829999999999927e+03
1.320000000000000000e+03 7.382359999999999673e+03
1.340000000000000000e+03 7.345720000000000255e+03
1.360000000000000000e+03 7.157329999999999927e+03
1.380000000000000000e+03 6.939539999999999964e+03
1.400000000000000000e+03 6.966149999999999636e+03
1.420000000000000000e+03 6.863880000000000109e+03
1.440000000000000000e+03 6.844170000000000073e+03
1.460000000000000000e+03 6.748699999999999818e+03
1.480000000000000000e+03 6.550800000000000182e+03
1.500000000000000000e+03 6.494250000000000000e+03
1.520000000000000000e+03 6.375319999999999709e+03
1.540000000000000000e+03 6.400329999999999927e+03
1.560000000000000000e+03 6.324689999999999600e+03
1.580000000000000000e+03 6.071380000000000109e+03
1.600000000000000000e+03 6.258010000000000218e+03
1.620000000000000000e+03 5.897170000000000073e+03
1.640000000000000000e+03 5.984050000000000182e+03
1.660000000000000000e+03 5.887720000000000255e+03
1.680000000000000000e+03 5.832270000000000437e+03
1.700000000000000000e+03 5.593460000000000036e+03
1.720000000000000000e+03 5.682640000000000327e+03
1.740000000000000000e+03 5.522380000000000109e+03
1.760000000000000000e+03 5.442739999999999782e+03
1.780000000000000000e+03 5.501909999999999854e+03
1.800000000000000000e+03 5.234109999999999673e+03
1.820000000000000000e+03 5.365510000000000218e+03
1.840000000000000000e+03 5.242699999999999818e+03
1.860000000000000000e+03 5.219010000000000218e+03
1.880000000000000000e+03 5.048710000000000036e+03
1.900000000000000000e+03 5.064270000000000437e+03
1.920000000000000000e+03 5.012979999999999563e+03
1.940000000000000000e+03 4.940399999999999636e+03
1.960000000000000000e+03 4.733789999999999964e+03
1.980000000000000000e+03 4.829850000000000364e+03
2.000000000000000000e+03 4.823399999999999636e+03
2.020000000000000000e+03 4.728539999999999964e+03
2.040000000000000000e+03 4.771250000000000000e+03
2.060000000000000000e+03 4.603380000000000109e+03
2.080000000000000000e+03 4.539579999999999927e+03
2.100000000000000000e+03 4.526750000000000000e+03
2.120000000000000000e+03 4.554159999999999854e+03
2.140000000000000000e+03 4.528199999999999818e+03
2.160000000000000000e+03 4.291229999999999563e+03
2.180000000000000000e+03 4.487689999999999600e+03
2.200000000000000000e+03 4.252170000000000073e+03
2.220000000000000000e+03 4.346840000000000146e+03
2.240000000000000000e+03 4.355579999999999927e+03
2.260000000000000000e+03 4.255140000000000327e+03
2.280000000000000000e+03 3.999349999999999909e+03
2.300000000000000000e+03 4.130710000000000036e+03
2.320000000000000000e+03 4.100109999999999673e+03
2.340000000000000000e+03 3.992170000000000073e+03
2.360000000000000000e+03 3.958469999999999800e+03
2.380000000000000000e+03 3.834199999999999818e+03
2.400000000000000000e+03 4.020320000000000164e+03
2.420000000000000000e+03 3.844460000000000036e+03
2.440000000000000000e+03 3.865550000000000182e+03
2.460000000000000000e+03 3.764869999999999891e+03
2.480000000000000000e+03 3.679360000000000127e+03
2.500000000000000000e+03 3.699010000000000218e+03
2.520000000000000000e+03 3.726059999999999945e+03
2.540000000000000000e+03 3.535159999999999854e+03
2.560000000000000000e+03 3.606929999999999836e+03
2.580000000000000000e+03 3.601349999999999909e+03
2.600000000000000000e+03 3.538500000000000000e+03
2.620000000000000000e+03 3.570719999999999800e+03
2.640000000000000000e+03 3.506179999999999836e+03
2.660000000000000000e+03 3.433159999999999854e+03
2.680000000000000000e+03 3.424659999999999854e+03
2.700000000000000000e+03 3.462929999999999836e+03
2.720000000000000000e+03 3.460630000000000109e+03
2.740000000000000000e+03 3.243429999999999836e+03
2.760000000000000000e+03 3.470420000000000073e+03
2.780000000000000000e+03 3.270130000000000109e+03
2.800000000000000000e+03 3.349000000000000000e+03
2.820000000000000000e+03 3.299599999999999909e+03
2.840000000000000000e+03 3.328880000000000109e+03
2.860000000000000000e+03 3.100849999999999909e+03
2.880000000000000000e+03 3.187880000000000109e+03
2.900000000000000000e+03 3.234159999999999854e+03
2.920000000000000000e+03 3.147219999999999800e+03
2.940000000000000000e+03 3.029440000000000055e+03
2.960000000000000000e+03 2.987090000000000146e+03
2.980000000000000000e+03 3.191030000000000200e+03
3.000000000000000000e+03 3.048820000000000164e+03
3.020000000000000000e+03 3.070769999999999982e+03
3.040000000000000000e+03 2.927730000000000018e+03
3.060000000000000000e+03 2.914610000000000127e+03
3.080000000000000000e+03 3.014860000000000127e+03
3.100000000000000000e+03 3.069260000000000218e+03
3.120000000000000000e+03 2.938050000000000182e+03
3.140000000000000000e+03 2.978860000000000127e+03
3.160000000000000000e+03 2.938849999999999909e+03
3.180000000000000000e+03 2.973050000000000182e+03
3.200000000000000000e+03 2.962239999999999782e+03
3.220000000000000000e+03 3.011360000000000127e+03
3.240000000000000000e+03 3.064510000000000218e+03
3.260000000000000000e+03 2.924250000000000000e+03
3.280000000000000000e+03 3.051219999999999800e+03
3.300000000000000000e+03 3.029460000000000036e+03
3.320000000000000000e+03 2.880500000000000000e+03
3.340000000000000000e+03 3.122530000000000200e+03
3.360000000000000000e+03 2.923610000000000127e+03
3.380000000000000000e+03 2.934820000000000164e+03
3.400000000000000000e+03 3.071300000000000182e+03
3.420000000000000000e+03 3.025190000000000055e+03
3.440000000000000000e+03 2.899550000000000182e+03
3.460000000000000000e+03 2.980739999999999782e+03
3.480000000000000000e+03 3.144519999999999982e+03
3.500000000000000000e+03 2.893269999999999982e+03
3.520000000000000000e+03 2.880280000000000200e+03
3.540000000000000000e+03 2.991260000000000218e+03
3.560000000000000000e+03 2.990940000000000055e+03
3.580000000000000000e+03 2.940929999999999836e+03
3.600000000000000000e+03 2.951539999999999964e+03
3.620000000000000000e+03 2.886150000000000091e+03
3.640000000000000000e+03 2.922840000000000146e+03
3.660000000000000000e+03 2.927860000000000127e+03
3.680000000000000000e+03 3.012130000000000109e+03
3.700000000000000000e+03 2.803800000000000182e+03
3.720000000000000000e+03 2.872820000000000164e+03
3.740000000000000000e+03 2.855519999999999982e+03
3.760000000000000000e+03 2.871949999999999818e+03
3.780000000000000000e+03 2.817920000000000073e+03
3.800000000000000000e+03 2.997599999999999909e+03
3.820000000000000000e+03 2.959789999999999964e+03
3.840000000000000000e+03 2.894389999999999873e+03
3.860000000000000000e+03 2.969429999999999836e+03
3.880000000000000000e+03 3.038139999999999873e+03
3.900000000000000000e+03 2.894030000000000200e+03
3.920000000000000000e+03 3.040929999999999836e+03
3.940000000000000000e+03 2.880130000000000109e+03
3.960000000000000000e+03 2.906380000000000109e+03
3.980000000000000000e+03 2.977800000000000182e+03
4.000000000000000000e+03 2.926480000000000018e+03
4.020000000000000000e+03 2.754960000000000036e+03
4.040000000000000000e+03 2.954139999999999873e+03
4.060000000000000000e+03 3.055659999999999854e+03
4.080000000000000000e+03 2.923309999999999945e+03
4.100000000000000000e+03 2.891039999999999964e+03
4.120000000000000000e+03 3.026789999999999964e+03
4.140000000000000000e+03 2.876809999999999945e+03
4.160000000000000000e+03 2.975489999999999782e+03
4.180000000000000000e+03 2.972489999999999782e+03
4.200000000000000000e+03 2.876800000000000182e+03
4.220000000000000000e+03 2.998889999999999873e+03
4.240000000000000000e+03 2.818679999999999836e+03
4.260000000000000000e+03 2.890570000000000164e+03
4.280000000000000000e+03 2.728769999999999982e+03
4.300000000000000000e+03 2.811210000000000036e+03
4.320000000000000000e+03 2.823639999999999873e+03
4.340000000000000000e+03 2.941719999999999800e+03
4.360000000000000000e+03 2.873650000000000091e+03
4.380000000000000000e+03 2.933309999999999945e+03
4.400000000000000000e+03 2.872340000000000146e+03
4.420000000000000000e+03 2.841239999999999782e+03
4.440000000000000000e+03 2.883039999999999964e+03
4.460000000000000000e+03 2.995980000000000018e+03
4.480000000000000000e+03 2.833250000000000000e+03
4.500000000000000000e+03 2.856099999999999909e+03
4.520000000000000000e+03 2.820190000000000055e+03
4.540000000000000000e+03 2.900409999999999854e+03
4.560000000000000000e+03 2.982199999999999818e+03
4.580000000000000000e+03 2.884800000000000182e+03
4.600000000000000000e+03 2.743750000000000000e+03
4.620000000000000000e+03 2.864739999999999782e+03
4.640000000000000000e+03 2.869230000000000018e+03
4.660000000000000000e+03 2.915820000000000164e+03
4.680000000000000000e+03 2.936329999999999927e+03
4.700000000000000000e+03 3.077269999999999982e+03
4.720000000000000000e+03 2.807539999999999964e+03
4.740000000000000000e+03 3.003639999999999873e+03
4.760000000000000000e+03 2.944269999999999982e+03
4.780000000000000000e+03 2.924650000000000091e+03
4.800000000000000000e+03 3.095610000000000127e+03
4.820000000000000000e+03 2.787360000000000127e+03
4.840000000000000000e+03 2.887429999999999836e+03
4.860000000000000000e+03 2.714429999999999836e+03
4.880000000000000000e+03 2.798400000000000091e+03
4.900000000000000000e+03 2.799449999999999818e+03
4.920000000000000000e+03 2.963420000000000073e+03
4.940000000000000000e+03 2.803309999999999945e+03
4.960000000000000000e+03 3.016079999999999927e+03
4.980000000000000000e+03 2.821280000000000200e+03
5.000000000000000000e+03 2.816840000000000146e+03
5.020000000000000000e+03 2.798789999999999964e+03
5.040000000000000000e+03 2.932030000000000200e+03
5.060000000000000000e+03 2.791590000000000146e+03
5.080000000000000000e+03 2.831420000000000073e+03
5.100000000000000000e+03 2.723300000000000182e+03
5.120000000000000000e+03 2.761670000000000073e+03
5.140000000000000000e+03 2.918000000000000000e+03
5.160000000000000000e+03 2.812409999999999854e+03
5.180000000000000000e+03 2.687440000000000055e+03
5.200000000000000000e+03 2.788030000000000200e+03
5.220000000000000000e+03 2.817349999999999909e+03
5.240000000000000000e+03 2.815539999999999964e+03
5.260000000000000000e+03 2.865469999999999800e+03
5.280000000000000000e+03 3.005389999999999873e+03
5.300000000000000000e+03 2.708159999999999854e+03
5.320000000000000000e+03 2.941199999999999818e+03
5.340000000000000000e+03 2.881949999999999818e+03
5.360000000000000000e+03 2.846159999999999854e+03
5.380000000000000000e+03 3.071760000000000218e+03
5.400000000000000000e+03 2.708570000000000164e+03
5.420000000000000000e+03 2.825840000000000146e+03
5.440000000000000000e+03 2.616400000000000091e+03
5.460000000000000000e+03 2.809960000000000036e+03
5.480000000000000000e+03 2.824909999999999854e+03
5.500000000000000000e+03 2.816599999999999909e+03
5.520000000000000000e+03 2.796710000000000036e+03
5.540000000000000000e+03 2.821150000000000091e+03
5.560000000000000000e+03 2.740000000000000000e+03
5.580000000000000000e+03 2.791690000000000055e+03
5.600000000000000000e+03 2.680159999999999854e+03
5.620000000000000000e+03 2.867889999999999873e+03
5.640000000000000000e+03 2.794789999999999964e+03
5.660000000000000000e+03 2.791969999999999800e+03
5.680000000000000000e+03 2.654539999999999964e+03
5.700000000000000000e+03 2.857260000000000218e+03
5.720000000000000000e+03 2.814750000000000000e+03
5.740000000000000000e+03 2.785989999999999782e+03
5.760000000000000000e+03 2.613949999999999818e+03
5.780000000000000000e+03 2.814869999999999891e+03
5.800000000000000000e+03 2.741340000000000146e+03
5.820000000000000000e+03 2.762300000000000182e+03
5.840000000000000000e+03 2.721269999999999982e+03
5.860000000000000000e+03 2.924030000000000200e+03
5.880000000000000000e+03 2.593610000000000127e+03
5.900000000000000000e+03 2.893320000000000164e+03
5.920000000000000000e+03 2.760789999999999964e+03
5.940000000000000000e+03 2.781239999999999782e+03
5.960000000000000000e+03 2.985449999999999818e+03
5.980000000000000000e+03 2.735590000000000146e+03
6.000000000000000000e+03 2.709019999999999982e+03
6.020000000000000000e+03 2.576719999999999800e+03
6.040000000000000000e+03 2.756389999999999873e+03
6.060000000000000000e+03 2.808519999999999982e+03
6.080000000000000000e+03 2.856500000000000000e+03
6.100000000000000000e+03 2.732539999999999964e+03
6.120000000000000000e+03 2.766289999999999964e+03
6.140000000000000000e+03 2.550619999999999891e+03
6.160000000000000000e+03 2.808500000000000000e+03
6.180000000000000000e+03 2.684710000000000036e+03
6.200000000000000000e+03 2.785349999999999909e+03
6.220000000000000000e+03 2.691329999999999927e+03
6.240000000000000000e+03 2.763460000000000036e+03
6.260000000000000000e+03 2.599969999999999800e+03
6.280000000000000000e+03 2.850010000000000218e+03
6.300000000000000000e+03 2.830440000000000055e+03
6.320000000000000000e+03 2.761909999999999854e+03
6.340000000000000000e+03 2.709670000000000073e+03
6.360000000000000000e+03 2.637969999999999800e+03
6.380000000000000000e+03 2.639000000000000000e+03
6.400000000000000000e+03 2.662449999999999818e+03
6.420000000000000000e+03 2.638559999999999945e+03
6.440000000000000000e+03 2.855250000000000000e+03
6.460000000000000000e+03 2.547440000000000055e+03
6.480000000000000000e+03 2.852460000000000036e+03
6.500000000000000000e+03 2.636599999999999909e+03
6.520000000000000000e+03 2.759500000000000000e+03
6.540000000000000000e+03 2.742099999999999909e+03
6.560000000000000000e+03 2.777909999999999854e+03
6.580000000000000000e+03 2.685210000000000036e+03
6.600000000000000000e+03 2.574480000000000018e+03
6.620000000000000000e+03 2.716820000000000164e+03
6.640000000000000000e+03 2.754210000000000036e+03
6.660000000000000000e+03 2.851019999999999982e+03
6.680000000000000000e+03 2.659389999999999873e+03
6.700000000000000000e+03 2.678670000000000073e+03
6.720000000000000000e+03 2.612110000000000127e+03
6.740000000000000000e+03 2.750989999999999782e+03
6.760000000000000000e+03 2.766610000000000127e+03
6.780000000000000000e+03 2.756889999999999873e+03
6.800000000000000000e+03 2.685190000000000055e+03
6.820000000000000000e+03 2.781489999999999782e+03
6.840000000000000000e+03 2.582550000000000182e+03
6.860000000000000000e+03 2.746300000000000182e+03
6.880000000000000000e+03 2.815320000000000164e+03
6.900000000000000000e+03 2.697550000000000182e+03
6.920000000000000000e+03 2.728880000000000109e+03
6.940000000000000000e+03 2.632050000000000182e+03
6.960000000000000000e+03 2.711219999999999800e+03
6.980000000000000000e+03 2.599780000000000200e+03
7.000000000000000000e+03 2.547280000000000200e+03
7.020000000000000000e+03 2.742780000000000200e+03
7.040000000000000000e+03 2.466019999999999982e+03
7.060000000000000000e+03 2.707780000000000200e+03
7.080000000000000000e+03 2.556869999999999891e+03
7.100000000000000000e+03 2.664219999999999800e+03
7.120000000000000000e+03 2.572570000000000164e+03
7.140000000000000000e+03 2.798460000000000036e+03
7.160000000000000000e+03 2.710079999999999927e+03
7.180000000000000000e+03 2.524650000000000091e+03
7.200000000000000000e+03 2.681570000000000164e+03
7.220000000000000000e+03 2.693199999999999818e+03
7.240000000000000000e+03 2.660210000000000036e+03
7.260000000000000000e+03 2.634659999999999854e+03
7.280000000000000000e+03 2.699730000000000018e+03
7.300000000000000000e+03 2.572820000000000164e+03
7.320000000000000000e+03 2.788349999999999909e+03
7.340000000000000000e+03 2.787480000000000018e+03
7.360000000000000000e+03 2.809099999999999909e+03
7.380000000000000000e+03 2.644949999999999818e+03
7.400000000000000000e+03 2.656559999999999945e+03
7.420000000000000000e+03 2.523500000000000000e+03
7.440000000000000000e+03 2.682960000000000036e+03
7.460000000000000000e+03 2.753719999999999800e+03
7.480000000000000000e+03 2.674829999999999927e+03
7.500000000000000000e+03 2.666000000000000000e+03
7.520000000000000000e+03 2.584159999999999854e+03
7.540000000000000000e+03 2.769079999999999927e+03
7.560000000000000000e+03 2.579710000000000036e+03
7.580000000000000000e+03 2.456650000000000091e+03
7.600000000000000000e+03 2.619690000000000055e+03
7.620000000000000000e+03 2.499389999999999873e+03
7.640000000000000000e+03 2.709800000000000182e+03
7.660000000000000000e+03 2.479099999999999909e+03
7.680000000000000000e+03 2.539889999999999873e+03
7.700000000000000000e+03 2.546159999999999854e+03
7.720000000000000000e+03 2.718090000000000146e+03
7.740000000000000000e+03 2.621880000000000109e+03
7.760000000000000000e+03 2.479239999999999782e+03
7.780000000000000000e+03 2.629289999999999964e+03
7.800000000000000000e+03 2.580480000000000018e+03
7.820000000000000000e+03 2.639210000000000036e+03
7.840000000000000000e+03 2.630000000000000000e+03
7.860000000000000000e+03 2.584480000000000018e+03
7.880000000000000000e+03 2.602449999999999818e+03
7.900000000000000000e+03 2.715690000000000055e+03
7.920000000000000000e+03 2.732750000000000000e+03
7.940000000000000000e+03 2.691070000000000164e+03
7.960000000000000000e+03 2.561500000000000000e+03
7.980000000000000000e+03 2.528619999999999891e+03
8.000000000000000000e+03 2.532610000000000127e+03
8.020000000000000000e+03 2.629510000000000218e+03
8.040000000000000000e+03 2.756329999999999927e+03
8.060000000000000000e+03 2.606329999999999927e+03
8.080000000000000000e+03 2.645079999999999927e+03
8.100000000000000000e+03 2.514940000000000055e+03
8.120000000000000000e+03 2.694449999999999818e+03
8.140000000000000000e+03 2.506860000000000127e+03
8.160000000000000000e+03 2.437210000000000036e+03
8.180000000000000000e+03 2.588739999999999782e+03
8.200000000000000000e+03 2.483800000000000182e+03
8.220000000000000000e+03 2.609369999999999891e+03
8.240000000000000000e+03 2.443800000000000182e+03
8.260000000000000000e+03 2.606090000000000146e+03
8.280000000000000000e+03 2.557949999999999818e+03
8.300000000000000000e+03 2.623840000000000146e+03
8.320000000000000000e+03 2.752760000000000218e+03
8.340000000000000000e+03 2.516340000000000146e+03
8.360000000000000000e+03 2.612389999999999873e+03
8.380000000000000000e+03 2.552090000000000146e+03
8.400000000000000000e+03 2.603210000000000036e+03
8.420000000000000000e+03 2.646449999999999818e+03
8.440000000000000000e+03 2.621500000000000000e+03
8.460000000000000000e+03 2.610840000000000146e+03
8.480000000000000000e+03 2.619539999999999964e+03
8.500000000000000000e+03 2.706929999999999836e+03
8.520000000000000000e+03 2.614650000000000091e+03
8.540000000000000000e+03 2.512690000000000055e+03
8.560000000000000000e+03 2.499070000000000164e+03
8.580000000000000000e+03 2.524650000000000091e+03
8.600000000000000000e+03 2.542570000000000164e+03
8.620000000000000000e+03 2.763039999999999964e+03
8.640000000000000000e+03 2.585210000000000036e+03
8.660000000000000000e+03 2.712050000000000182e+03
8.680000000000000000e+03 2.552309999999999945e+03
8.700000000000000000e+03 2.776940000000000055e+03
8.720000000000000000e+03 2.460090000000000146e+03
8.740000000000000000e+03 2.482480000000000018e+03
8.760000000000000000e+03 2.557099999999999909e+03
8.780000000000000000e+03 2.581559999999999945e+03
8.800000000000000000e+03 2.583480000000000018e+03
8.820000000000000000e+03 2.404159999999999854e+03
8.840000000000000000e+03 2.579559999999999945e+03
8.860000000000000000e+03 2.492840000000000146e+03
8.880000000000000000e+03 2.498239999999999782e+03
8.900000000000000000e+03 2.830039999999999964e+03
8.920000000000000000e+03 2.490650000000000091e+03
8.940000000000000000e+03 2.588619999999999891e+03
8.960000000000000000e+03 2.668340000000000146e+03
8.980000000000000000e+03 2.559070000000000164e+03
9.000000000000000000e+03 2.743920000000000073e+03
9.020000000000000000e+03 2.698909999999999854e+03
9.040000000000000000e+03 2.683969999999999800e+03
9.060000000000000000e+03 2.623510000000000218e+03
9.080000000000000000e+03 2.563130000000000109e+03
9.100000000000000000e+03 2.588190000000000055e+03
9.120000000000000000e+03 2.582730000000000018e+03
9.140000000000000000e+03 2.558039999999999964e+03
9.160000000000000000e+03 2.529199999999999818e+03
9.180000000000000000e+03 2.540519999999999982e+03
9.200000000000000000e+03 2.737519999999999982e+03
9.220000000000000000e+03 2.570869999999999891e+03
9.240000000000000000e+03 2.637030000000000200e+03
9.260000000000000000e+03 2.511690000000000055e+03
9.280000000000000000e+03 2.705210000000000036e+03
9.300000000000000000e+03 2.551769999999999982e+03
9.320000000000000000e+03 2.427920000000000073e+03
9.340000000000000000e+03 2.634460000000000036e+03
9.360000000000000000e+03 2.645380000000000109e+03
9.380000000000000000e+03 2.518199999999999818e+03
9.400000000000000000e+03 2.467760000000000218e+03
9.420000000000000000e+03 2.596670000000000073e+03
9.440000000000000000e+03 2.500940000000000055e+03
9.460000000000000000e+03 2.425809999999999945e+03
9.480000000000000000e+03 2.712889999999999873e+03
9.500000000000000000e+03 2.532719999999999800e+03
9.520000000000000000e+03 2.576969999999999800e+03
9.540000000000000000e+03 2.661510000000000218e+03
9.560000000000000000e+03 2.460659999999999854e+03
9.580000000000000000e+03 2.704940000000000055e+03
9.600000000000000000e+03 2.614300000000000182e+03
9.620000000000000000e+03 2.630469999999999800e+03
9.640000000000000000e+03 2.500780000000000200e+03
9.660000000000000000e+03 2.452730000000000018e+03
9.680000000000000000e+03 2.419960000000000036e+03
9.700000000000000000e+03 2.538090000000000146e+03
9.720000000000000000e+03 2.534460000000000036e+03
9.740000000000000000e+03 2.473070000000000164e+03
9.760000000000000000e+03 2.544090000000000146e+03
9.780000000000000000e+03 2.692670000000000073e+03
9.800000000000000000e+03 2.471849999999999909e+03
9.820000000000000000e+03 2.564099999999999909e+03
9.840000000000000000e+03 2.505380000000000109e+03
9.860000000000000000e+03 2.645030000000000200e+03
9.880000000000000000e+03 2.604059999999999945e+03
9.900000000000000000e+03 2.565369999999999891e+03
9.920000000000000000e+03 2.515809999999999945e+03
9.940000000000000000e+03 2.601760000000000218e+03
9.960000000000000000e+03 2.558530000000000200e+03
9.980000000000000000e+03 2.446719999999999800e+03
1.000000000000000000e+04 2.628949999999999818e+03
1.002000000000000000e+04 2.450199999999999818e+03
1.004000000000000000e+04 2.505730000000000018e+03
1.006000000000000000e+04 2.663090000000000146e+03
1.008000000000000000e+04 2.511670000000000073e+03
1.010000000000000000e+04 2.543239999999999782e+03
1.012000000000000000e+04 2.667329999999999927e+03
1.014000000000000000e+04 2.435239999999999782e+03
1.016000000000000000e+04 2.613360000000000127e+03
1.018000000000000000e+04 2.525849999999999909e+03
1.020000000000000000e+04 2.569280000000000200e+03
1.022000000000000000e+04 2.498059999999999945e+03
1.024000000000000000e+04 2.474739999999999782e+03
1.026000000000000000e+04 2.362590000000000146e+03
1.028000000000000000e+04 2.479190000000000055e+03
1.030000000000000000e+04 2.627389999999999873e+03
1.032000000000000000e+04 2.526989999999999782e+03
1.034000000000000000e+04 2.593409999999999854e+03
1.036000000000000000e+04 2.640230000000000018e+03
1.038000000000000000e+04 2.493369999999999891e+03
1.040000000000000000e+04 2.566530000000000200e+03
1.042000000000000000e+04 2.558480000000000018e+03
1.044000000000000000e+04 2.612940000000000055e+03
1.046000000000000000e+04 2.564889999999999873e+03
1.048000000000000000e+04 2.616559999999999945e+03
1.050000000000000000e+04 2.471219999999999800e+03
1.052000000000000000e+04 2.551340000000000146e+03
1.054000000000000000e+04 2.489119999999999891e+03
1.056000000000000000e+04 2.543269999999999982e+03
1.058000000000000000e+04 2.650119999999999891e+03
1.060000000000000000e+04 2.394719999999999800e+03
1.062000000000000000e+04 2.611769999999999982e+03
1.064000000000000000e+04 2.519420000000000073e+03
1.066000000000000000e+04 2.431579999999999927e+03
1.068000000000000000e+04 2.450960000000000036e+03
1.070000000000000000e+04 2.727239999999999782e+03
1.072000000000000000e+04 2.389079999999999927e+03
1.074000000000000000e+04 2.601530000000000200e+03
1.076000000000000000e+04 2.518170000000000073e+03
1.078000000000000000e+04 2.592460000000000036e+03
1.080000000000000000e+04 2.498039999999999964e+03
1.082000000000000000e+04 2.462340000000000146e+03
1.084000000000000000e+04 2.413369999999999891e+03
1.086000000000000000e+04 2.530800000000000182e+03
1.088000000000000000e+04 2.658289999999999964e+03
1.090000000000000000e+04 2.489480000000000018e+03
1.092000000000000000e+04 2.531929999999999836e+03
1.094000000000000000e+04 2.601679999999999836e+03
1.096000000000000000e+04 2.498719999999999800e+03
1.098000000000000000e+04 2.533829999999999927e+03
1.100000000000000000e+04 2.611650000000000091e+03
1.102000000000000000e+04 2.628559999999999945e+03
1.104000000000000000e+04 2.633030000000000200e+03
1.106000000000000000e+04 2.715800000000000182e+03
1.108000000000000000e+04 2.486440000000000055e+03
1.110000000000000000e+04 2.571710000000000036e+03
1.112000000000000000e+04 2.559269999999999982e+03
1.114000000000000000e+04 2.541079999999999927e+03
1.116000000000000000e+04 2.569860000000000127e+03
1.118000000000000000e+04 2.425000000000000000e+03
1.120000000000000000e+04 2.643289999999999964e+03
1.122000000000000000e+04 2.476250000000000000e+03
1.124000000000000000e+04 2.433760000000000218e+03
1.126000000000000000e+04 2.451789999999999964e+03
1.128000000000000000e+04 2.612079999999999927e+03
1.130000000000000000e+04 2.452480000000000018e+03
1.132000000000000000e+04 2.568389999999999873e+03
1.134000000000000000e+04 2.442460000000000036e+03
1.136000000000000000e+04 2.615760000000000218e+03
1.138000000000000000e+04 2.415579999999999927e+03
1.140000000000000000e+04 2.473090000000000146e+03
1.142000000000000000e+04 2.429500000000000000e+03
1.144000000000000000e+04 2.476690000000000055e+03
1.146000000000000000e+04 2.626869999999999891e+03
1.148000000000000000e+04 2.557699999999999818e+03
1.150000000000000000e+04 2.566710000000000036e+03
1.152000000000000000e+04 2.593760000000000218e+03
1.154000000000000000e+04 2.515719999999999800e+03
1.156000000000000000e+04 2.425510000000000218e+03
1.158000000000000000e+04 2.662670000000000073e+03
1.160000000000000000e+04 2.542099999999999909e+03
1.162000000000000000e+04 2.701219999999999800e+03
1.164000000000000000e+04 2.742639999999999873e+03
1.166000000000000000e+04 2.445960000000000036e+03
1.168000000000000000e+04 2.507030000000000200e+03
1.170000000000000000e+04 2.567510000000000218e+03
1.172000000000000000e+04 2.381940000000000055e+03
1.174000000000000000e+04 2.569849999999999909e+03
1.176000000000000000e+04 2.449199999999999818e+03
1.178000000000000000e+04 2.648400000000000091e+03
1.180000000000000000e+04 2.438940000000000055e+03
1.182000000000000000e+04 2.496969999999999800e+03
1.184000000000000000e+04 2.488070000000000164e+03
1.186000000000000000e+04 2.693449999999999818e+03
1.188000000000000000e+04 2.437519999999999982e+03
1.190000000000000000e+04 2.461429999999999836e+03
1.192000000000000000e+04 2.423170000000000073e+03
1.194000000000000000e+04 2.551880000000000109e+03
1.196000000000000000e+04 2.381579999999999927e+03
1.198000000000000000e+04 2.454119999999999891e+03
1.200000000000000000e+04 2.495199999999999818e+03
1.202000000000000000e+04 2.533750000000000000e+03
1.204000000000000000e+04 2.668619999999999891e+03
1.206000000000000000e+04 2.581050000000000182e+03
1.208000000000000000e+04 2.466829999999999927e+03
1.210000000000000000e+04 2.535989999999999782e+03
1.212000000000000000e+04 2.495460000000000036e+03
1.214000000000000000e+04 2.409099999999999909e+03
1.216000000000000000e+04 2.654329999999999927e+03
1.218000000000000000e+04 2.501429999999999836e+03
1.220000000000000000e+04 2.711909999999999854e+03
1.222000000000000000e+04 2.662440000000000055e+03
1.224000000000000000e+04 2.380789999999999964e+03
1.226000000000000000e+04 2.541670000000000073e+03
1.228000000000000000e+04 2.557949999999999818e+03
1.230000000000000000e+04 2.494110000000000127e+03
1.232000000000000000e+04 2.590139999999999873e+03
1.234000000000000000e+04 2.481199999999999818e+03
1.236000000000000000e+04 2.520530000000000200e+03
1.238000000000000000e+04 2.505090000000000146e+03
1.240000000000000000e+04 2.620300000000000182e+03
1.242000000000000000e+04 2.501730000000000018e+03
1.244000000000000000e+04 2.725760000000000218e+03
1.246000000000000000e+04 2.474079999999999927e+03
1.248000000000000000e+04 2.547440000000000055e+03
1.250000000000000000e+04 2.429380000000000109e+03
1.252000000000000000e+04 2.522670000000000073e+03
1.254000000000000000e+04 2.411320000000000164e+03
1.256000000000000000e+04 2.497599999999999909e+03
1.258000000000000000e+04 2.518860000000000127e+03
1.260000000000000000e+04 2.580429999999999836e+03
1.262000000000000000e+04 2.723269999999999982e+03
1.264000000000000000e+04 2.742889999999999873e+03
1.266000000000000000e+04 2.445920000000000073e+03
1.268000000000000000e+04 2.482480000000000018e+03
1.270000000000000000e+04 2.426469999999999800e+03
1.272000000000000000e+04 2.347159999999999854e+03
1.274000000000000000e+04 2.655159999999999854e+03
1.276000000000000000e+04 2.479539999999999964e+03
1.278000000000000000e+04 2.607050000000000182e+03
1.280000000000000000e+04 2.542190000000000055e+03
1.282000000000000000e+04 2.415710000000000036e+03
1.284000000000000000e+04 2.575550000000000182e+03
1.286000000000000000e+04 2.477389999999999873e+03
1.288000000000000000e+04 2.420699999999999818e+03
1.290000000000000000e+04 2.577039999999999964e+03
1.292000000000000000e+04 2.440059999999999945e+03
1.294000000000000000e+04 2.583489999999999782e+03
1.296000000000000000e+04 2.599550000000000182e+03
1.298000000000000000e+04 2.695389999999999873e+03
1.300000000000000000e+04 2.476940000000000055e+03
1.302000000000000000e+04 2.682110000000000127e+03
1.304000000000000000e+04 2.572570000000000164e+03
1.306000000000000000e+04 2.498750000000000000e+03
1.308000000000000000e+04 2.495039999999999964e+03
1.310000000000000000e+04 2.527829999999999927e+03
1.312000000000000000e+04 2.505250000000000000e+03
1.314000000000000000e+04 2.555139999999999873e+03
1.316000000000000000e+04 2.550780000000000200e+03
1.318000000000000000e+04 2.611800000000000182e+03
1.320000000000000000e+04 2.712860000000000127e+03
1.322000000000000000e+04 2.749099999999999909e+03
1.324000000000000000e+04 2.442489999999999782e+03
1.326000000000000000e+04 2.615320000000000164e+03
1.328000000000000000e+04 2.391650000000000091e+03
1.330000000000000000e+04 2.391300000000000182e+03
1.332000000000000000e+04 2.488340000000000146e+03
1.334000000000000000e+04 2.494769999999999982e+03
1.336000000000000000e+04 2.587579999999999927e+03
1.338000000000000000e+04 2.587610000000000127e+03
1.340000000000000000e+04 2.439659999999999854e+03
1.342000000000000000e+04 2.624750000000000000e+03
1.344000000000000000e+04 2.573610000000000127e+03
1.346000000000000000e+04 2.523659999999999854e+03
1.348000000000000000e+04 2.594289999999999964e+03
1.350000000000000000e+04 2.435840000000000146e+03
1.352000000000000000e+04 2.507429999999999836e+03
1.354000000000000000e+04 2.638920000000000073e+03
1.356000000000000000e+04 2.636800000000000182e+03
1.358000000000000000e+04 2.480889999999999873e+03
1.360000000000000000e+04 2.552480000000000018e+03
1.362000000000000000e+04 2.620150000000000091e+03
1.364000000000000000e+04 2.547400000000000091e+03
1.366000000000000000e+04 2.526239999999999782e+03
1.368000000000000000e+04 2.579170000000000073e+03
1.370000000000000000e+04 2.507429999999999836e+03
1.372000000000000000e+04 2.496579999999999927e+03
1.374000000000000000e+04 2.606650000000000091e+03
1.376000000000000000e+04 2.606150000000000091e+03
1.378000000000000000e+04 2.649150000000000091e+03
1.380000000000000000e+04 2.671940000000000055e+03
1.382000000000000000e+04 2.432639999999999873e+03
1.384000000000000000e+04 2.638659999999999854e+03
1.386000000000000000e+04 2.405250000000000000e+03
1.388000000000000000e+04 2.447670000000000073e+03
1.390000000000000000e+04 2.485929999999999836e+03
1.392000000000000000e+04 2.462210000000000036e+03
1.394000000000000000e+04 2.622679999999999836e+03
1.396000000000000000e+04 2.565610000000000127e+03
1.398000000000000000e+04 2.471750000000000000e+03
1.400000000000000000e+04 2.668699999999999818e+03
1.402000000000000000e+04 2.546309999999999945e+03
1.404000000000000000e+04 2.555760000000000218e+03
1.406000000000000000e+04 2.577130000000000109e+03
1.408000000000000000e+04 2.448820000000000164e+03
1.410000000000000000e+04 2.438940000000000055e+03
1.412000000000000000e+04 2.698050000000000182e+03
1.414000000000000000e+04 2.659920000000000073e+03
1.416000000000000000e+04 2.444010000000000218e+03
1.418000000000000000e+04 2.569940000000000055e+03
1.420000000000000000e+04 2.599079999999999927e+03
1.422000000000000000e+04 2.592400000000000091e+03
1.424000000000000000e+04 2.575000000000000000e+03
1.426000000000000000e+04 2.532309999999999945e+03
1.428000000000000000e+04 2.562519999999999982e+03
1.430000000000000000e+04 2.507820000000000164e+03
1.432000000000000000e+04 2.568079999999999927e+03
1.434000000000000000e+04 2.610780000000000200e+03
1.436000000000000000e+04 2.649179999999999836e+03
1.438000000000000000e+04 2.622019999999999982e+03
1.440000000000000000e+04 2.433780000000000200e+03
1.442000000000000000e+04 2.645369999999999891e+03
1.444000000000000000e+04 2.386940000000000055e+03
1.446000000000000000e+04 2.489780000000000200e+03
1.448000000000000000e+04 2.526780000000000200e+03
1.450000000000000000e+04 2.524800000000000182e+03
1.452000000000000000e+04 2.572039999999999964e+03
1.454000000000000000e+04 2.585030000000000200e+03
1.456000000000000000e+04 2.511329999999999927e+03
1.458000000000000000e+04 2.672500000000000000e+03
1.460000000000000000e+04 2.529389999999999873e+03
1.462000000000000000e+04 2.524280000000000200e+03
1.464000000000000000e+04 2.464519999999999982e+03
1.466000000000000000e+04 2.396750000000000000e+03
1.468000000000000000e+04 2.544650000000000091e+03
1.470000000000000000e+04 2.717929999999999836e+03
1.472000000000000000e+04 2.635960000000000036e+03
1.474000000000000000e+04 2.429349999999999909e+03
1.476000000000000000e+04 2.413500000000000000e+03
1.478000000000000000e+04 2.610309999999999945e+03
1.480000000000000000e+04 2.581909999999999854e+03
1.482000000000000000e+04 2.560210000000000036e+03
1.484000000000000000e+04 2.589210000000000036e+03
1.486000000000000000e+04 2.713849999999999909e+03
1.488000000000000000e+04 2.530469999999999800e+03
1.490000000000000000e+04 2.614429999999999836e+03
1.492000000000000000e+04 2.611780000000000200e+03
1.494000000000000000e+04 2.571349999999999909e+03
1.496000000000000000e+04 2.557829999999999927e+03
1.498000000000000000e+04 2.456530000000000200e+03
1.500000000000000000e+04 2.636360000000000127e+03
1.502000000000000000e+04 2.432150000000000091e+03
1.504000000000000000e+04 2.628909999999999854e+03
1.506000000000000000e+04 2.448780000000000200e+03
1.508000000000000000e+04 2.640880000000000109e+03
1.510000000000000000e+04 2.457920000000000073e+03
1.512000000000000000e+04 2.633110000000000127e+03
1.514000000000000000e+04 2.506139999999999873e+03
1.516000000000000000e+04 2.573860000000000127e+03
1.518000000000000000e+04 2.549309999999999945e+03
1.520000000000000000e+04 2.512369999999999891e+03
1.522000000000000000e+04 2.390929999999999836e+03
1.524000000000000000e+04 2.448099999999999909e+03
1.526000000000000000e+04 2.605789999999999964e+03
1.528000000000000000e+04 2.634769999999999982e+03
1.530000000000000000e+04 2.561289999999999964e+03
1.532000000000000000e+04 2.472280000000000200e+03
1.534000000000000000e+04 2.443829999999999927e+03
1.536000000000000000e+04 2.542550000000000182e+03
1.538000000000000000e+04 2.549639999999999873e+03
1.540000000000000000e+04 2.650980000000000018e+03
1.542000000000000000e+04 2.563559999999999945e+03
1.544000000000000000e+04 2.588909999999999854e+03
1.546000000000000000e+04 2.451230000000000018e+03
1.548000000000000000e+04 2.702369999999999891e+03
1.550000000000000000e+04 2.637579999999999927e+03
1.552000000000000000e+04 2.564500000000000000e+03
1.554000000000000000e+04 2.431059999999999945e+03
1.556000000000000000e+04 2.545530000000000200e+03
1.558000000000000000e+04 2.685510000000000218e+03
1.560000000000000000e+04 2.406960000000000036e+03
1.562000000000000000e+04 2.680800000000000182e+03
1.564000000000000000e+04 2.587150000000000091e+03
1.566000000000000000e+04 2.641500000000000000e+03
1.568000000000000000e+04 2.457630000000000109e+03
1.570000000000000000e+04 2.640130000000000109e+03
1.572000000000000000e+04 2.554800000000000182e+03
1.574000000000000000e+04 2.519400000000000091e+03
1.576000000000000000e+04 2.549500000000000000e+03
1.578000000000000000e+04 2.468239999999999782e+03
1.580000000000000000e+04 2.515690000000000055e+03
1.582000000000000000e+04 2.542780000000000200e+03
1.584000000000000000e+04 2.578210000000000036e+03
1.586000000000000000e+04 2.553619999999999891e+03
1.588000000000000000e+04 2.588320000000000164e+03
1.590000000000000000e+04 2.469070000000000164e+03
1.592000000000000000e+04 2.436920000000000073e+03
1.594000000000000000e+04 2.511059999999999945e+03
1.596000000000000000e+04 2.529710000000000036e+03
1.598000000000000000e+04 2.667730000000000018e+03
1.600000000000000000e+04 2.465039999999999964e+03
1.602000000000000000e+04 2.587730000000000018e+03
1.604000000000000000e+04 2.438670000000000073e+03
1.606000000000000000e+04 2.663480000000000018e+03
1.608000000000000000e+04 2.611690000000000055e+03
1.610000000000000000e+04 2.600019999999999982e+03
1.612000000000000000e+04 2.464199999999999818e+03
1.614000000000000000e+04 2.546900000000000091e+03
1.616000000000000000e+04 2.578460000000000036e+03
1.618000000000000000e+04 2.386050000000000182e+03
1.620000000000000000e+04 2.672590000000000146e+03
1.622000000000000000e+04 2.545340000000000146e+03
1.624000000000000000e+04 2.683219999999999800e+03
1.626000000000000000e+04 2.431519999999999982e+03
1.628000000000000000e+04 2.543909999999999854e+03
1.630000000000000000e+04 2.565239999999999782e+03
1.632000000000000000e+04 2.450900000000000091e+03
1.634000000000000000e+04 2.515159999999999854e+03
1.636000000000000000e+04 2.452579999999999927e+03
1.638000000000000000e+04 2.501719999999999800e+03
1.640000000000000000e+04 2.527050000000000182e+03
1.642000000000000000e+04 2.647239999999999782e+03
1.644000000000000000e+04 2.540809999999999945e+03
1.646000000000000000e+04 2.713119999999999891e+03
1.648000000000000000e+04 2.542420000000000073e+03
1.650000000000000000e+04 2.528650000000000091e+03
1.652000000000000000e+04 2.510610000000000127e+03
1.654000000000000000e+04 2.531010000000000218e+03
1.656000000000000000e+04 2.753659999999999854e+03
1.658000000000000000e+04 2.411869999999999891e+03
1.660000000000000000e+04 2.606030000000000200e+03
1.662000000000000000e+04 2.538579999999999927e+03
1.664000000000000000e+04 2.604800000000000182e+03
1.666000000000000000e+04 2.592309999999999945e+03
1.668000000000000000e+04 2.632429999999999836e+03
1.670000000000000000e+04 2.458579999999999927e+03
1.672000000000000000e+04 2.588760000000000218e+03
1.674000000000000000e+04 2.536260000000000218e+03
1.676000000000000000e+04 2.341239999999999782e+03
1.678000000000000000e+04 2.690710000000000036e+03
1.680000000000000000e+04 2.503329999999999927e+03
1.682000000000000000e+04 2.677500000000000000e+03
1.684000000000000000e+04 2.422190000000000055e+03
1.686000000000000000e+04 2.556210000000000036e+03
1.688000000000000000e+04 2.554590000000000146e+03
1.690000000000000000e+04 2.453590000000000146e+03
1.692000000000000000e+04 2.518630000000000109e+03
1.694000000000000000e+04 2.393099999999999909e+03
1.696000000000000000e+04 2.607119999999999891e+03
1.698000000000000000e+04 2.487699999999999818e+03
1.700000000000000000e+04 2.685320000000000164e+03
1.702000000000000000e+04 2.472219999999999800e+03
1.704000000000000000e+04 2.619659999999999854e+03
1.706000000000000000e+04 2.593170000000000073e+03
1.708000000000000000e+04 2.525869999999999891e+03
1.710000000000000000e+04 2.461079999999999927e+03
1.712000000000000000e+04 2.488769999999999982e+03
1.714000000000000000e+04 2.702809999999999945e+03
1.716000000000000000e+04 2.440039999999999964e+03
1.718000000000000000e+04 2.550000000000000000e+03
1.720000000000000000e+04 2.617579999999999927e+03
1.722000000000000000e+04 2.554500000000000000e+03
1.724000000000000000e+04 2.520530000000000200e+03
1.726000000000000000e+04 2.568679999999999836e+03
1.728000000000000000e+04 2.469920000000000073e+03
1.730000000000000000e+04 2.599480000000000018e+03
1.732000000000000000e+04 2.547340000000000146e+03
1.734000000000000000e+04 2.328840000000000146e+03
1.736000000000000000e+04 2.614199999999999818e+03
1.738000000000000000e+04 2.557309999999999945e+03
1.740000000000000000e+04 2.629329999999999927e+03
1.742000000000000000e+04 2.470679999999999836e+03
1.744000000000000000e+04 2.512539999999999964e+03
1.746000000000000000e+04 2.538090000000000146e+03
1.748000000000000000e+04 2.420650000000000091e+03
1.750000000000000000e+04 2.566159999999999854e+03
1.752000000000000000e+04 2.419900000000000091e+03
1.754000000000000000e+04 2.605340000000000146e+03
1.756000000000000000e+04 2.426780000000000200e+03
1.758000000000000000e+04 2.519489999999999782e+03
1.760000000000000000e+04 2.475010000000000218e+03
1.762000000000000000e+04 2.650489999999999782e+03
1.764000000000000000e+04 2.576610000000000127e+03
1.766000000000000000e+04 2.524579999999999927e+03
1.768000000000000000e+04 2.467179999999999836e+03
1.770000000000000000e+04 2.580170000000000073e+03
1.772000000000000000e+04 2.636510000000000218e+03
1.774000000000000000e+04 2.447630000000000109e+03
1.776000000000000000e+04 2.488309999999999945e+03
1.778000000000000000e+04 2.592400000000000091e+03
1.780000000000000000e+04 2.459679999999999836e+03
1.782000000000000000e+04 2.484239999999999782e+03
1.784000000000000000e+04 2.570469999999999800e+03
1.786000000000000000e+04 2.507090000000000146e+03
1.788000000000000000e+04 2.575010000000000218e+03
1.790000000000000000e+04 2.507750000000000000e+03
1.792000000000000000e+04 2.386789999999999964e+03
1.794000000000000000e+04 2.476349999999999909e+03
1.796000000000000000e+04 2.596789999999999964e+03
1.798000000000000000e+04 2.533820000000000164e+03
1.800000000000000000e+04 2.516269999999999982e+03
1.802000000000000000e+04 2.449150000000000091e+03
1.804000000000000000e+04 2.510539999999999964e+03
1.806000000000000000e+04 2.490829999999999927e+03
1.808000000000000000e+04 2.542360000000000127e+03
1.810000000000000000e+04 2.474940000000000055e+03
1.812000000000000000e+04 2.597349999999999909e+03
1.814000000000000000e+04 2.362099999999999909e+03
1.816000000000000000e+04 2.556750000000000000e+03
1.818000000000000000e+04 2.487760000000000218e+03
1.820000000000000000e+04 2.653239999999999782e+03
1.822000000000000000e+04 2.641280000000000200e+03
1.824000000000000000e+04 2.472800000000000182e+03
1.826000000000000000e+04 2.545929999999999836e+03
1.828000000000000000e+04 2.597190000000000055e+03
1.830000000000000000e+04 2.656340000000000146e+03
1.832000000000000000e+04 2.487389999999999873e+03
1.834000000000000000e+04 2.466349999999999909e+03
1.836000000000000000e+04 2.609980000000000018e+03
1.838000000000000000e+04 2.377070000000000164e+03
1.840000000000000000e+04 2.430739999999999782e+03
1.842000000000000000e+04 2.518340000000000146e+03
1.844000000000000000e+04 2.449050000000000182e+03
1.846000000000000000e+04 2.565340000000000146e+03
1.848000000000000000e+04 2.523869999999999891e+03
1.850000000000000000e+04 2.459570000000000164e+03
1.852000000000000000e+04 2.493769999999999982e+03
1.854000000000000000e+04 2.531469999999999800e+03
1.856000000000000000e+04 2.550760000000000218e+03
1.858000000000000000e+04 2.517110000000000127e+03
1.860000000000000000e+04 2.438570000000000164e+03
1.862000000000000000e+04 2.603789999999999964e+03
1.864000000000000000e+04 2.514199999999999818e+03
1.866000000000000000e+04 2.481960000000000036e+03
1.868000000000000000e+04 2.469389999999999873e+03
1.870000000000000000e+04 2.580389999999999873e+03
1.872000000000000000e+04 2.355829999999999927e+03
1.874000000000000000e+04 2.593420000000000073e+03
1.876000000000000000e+04 2.459869999999999891e+03
1.878000000000000000e+04 2.672269999999999982e+03
1.880000000000000000e+04 2.633829999999999927e+03
1.882000000000000000e+04 2.411030000000000200e+03
1.884000000000000000e+04 2.607170000000000073e+03
1.886000000000000000e+04 2.560030000000000200e+03
1.888000000000000000e+04 2.558630000000000109e+03
1.890000000000000000e+04 2.485840000000000146e+03
1.892000000000000000e+04 2.492829999999999927e+03
1.894000000000000000e+04 2.548409999999999854e+03
1.896000000000000000e+04 2.477300000000000182e+03
1.898000000000000000e+04 2.373619999999999891e+03
1.900000000000000000e+04 2.535460000000000036e+03
1.902000000000000000e+04 2.477239999999999782e+03
1.904000000000000000e+04 2.557449999999999818e+03
1.906000000000000000e+04 2.528130000000000109e+03
1.908000000000000000e+04 2.473469999999999800e+03
1.910000000000000000e+04 2.519820000000000164e+03
1.912000000000000000e+04 2.495630000000000109e+03
1.914000000000000000e+04 2.562789999999999964e+03
1.916000000000000000e+04 2.575250000000000000e+03
1.918000000000000000e+04 2.393550000000000182e+03
1.920000000000000000e+04 2.657449999999999818e+03
1.922000000000000000e+04 2.455989999999999782e+03
1.924000000000000000e+04 2.541980000000000018e+03
1.926000000000000000e+04 2.594590000000000146e+03
1.928000000000000000e+04 2.638730000000000018e+03
1.930000000000000000e+04 2.407190000000000055e+03
1.932000000000000000e+04 2.565579999999999927e+03
1.934000000000000000e+04 2.473500000000000000e+03
1.936000000000000000e+04 2.476730000000000018e+03
1.938000000000000000e+04 2.582590000000000146e+03
1.940000000000000000e+04 2.420909999999999854e+03
1.942000000000000000e+04 2.601510000000000218e+03
1.944000000000000000e+04 2.524289999999999964e+03
1.946000000000000000e+04 2.560530000000000200e+03
1.948000000000000000e+04 2.490570000000000164e+03
1.950000000000000000e+04 2.535699999999999818e+03
1.952000000000000000e+04 2.543469999999999800e+03
1.954000000000000000e+04 2.502969999999999800e+03
1.956000000000000000e+04 2.368250000000000000e+03
1.958000000000000000e+04 2.527679999999999836e+03
1.960000000000000000e+04 2.530630000000000109e+03
1.962000000000000000e+04 2.519460000000000036e+03
1.964000000000000000e+04 2.597329999999999927e+03
1.966000000000000000e+04 2.506579999999999927e+03
1.968000000000000000e+04 2.488269999999999982e+03
1.970000000000000000e+04 2.500230000000000018e+03
1.972000000000000000e+04 2.535070000000000164e+03
1.974000000000000000e+04 2.566469999999999800e+03
1.976000000000000000e+04 2.400139999999999873e+03
1.978000000000000000e+04 2.675530000000000200e+03
1.980000000000000000e+04 2.501909999999999854e+03
1.982000000000000000e+04 2.632710000000000036e+03
1.984000000000000000e+04 2.680230000000000018e+03
1.986000000000000000e+04 2.607849999999999909e+03
1.988000000000000000e+04 2.396070000000000164e+03
1.990000000000000000e+04 2.558409999999999854e+03
1.992000000000000000e+04 2.538260000000000218e+03
1.994000000000000000e+04 2.495619999999999891e+03
1.996000000000000000e+04 2.490429999999999836e+03
1.998000000000000000e+04 2.401099999999999909e+03
